10874
39129
24391
17005
25903
81725
42192
39301
70608
98760
61736
95955
58921
80896
12270
95092
61318
59755
68912
80773
74610
44606
21996
42487
41703
54548
98992
85785
45758
61192
62117
14077
18942
82510
20704
79359
75971
43855
67426
96407
39924
44559
19986
89965
77070
57868
92041
21586
71694
56333
92116
88478
77450
11876
28257
79305
90804
19209
50614
11979
82545
56481
13882
63734
50229
39698
61930
83452
12278
26164
76341
11258
64668
75839
88068
26519
16487
51143
27744
98251
66133
48764
85407
87879
48556
76567
51162
86030
40724
30826
91802
95159
72739
61161
86003
51260
38236
21768
24250
48299
75315
18883
15618
18976
27680
54033
43980
78058
87735
16698
52393
61767
21824
43041
59907
79111
95955
44613
91013
60852
16704
23838
16170
98880
81019
44700
19832
86617
93497
52207
86846
22946
24205
75507
10910
63826
87437
25216
36218
51483
97771
79380
25477
34006
41227
64081
90122
51723
23295
61077
12485
22690
97258
50275
71817
42496
37363
20081
12592
61474
60442
15815
68127
91649
88863
21089
16475
32762
80840
51178
88220
79304
38786
89344
27021
14190
67463
23227
53528
48189
58260
42654
72402
78679
59772
58113
38930
17352
83095
71261
34759
26561
58662
48387
46444
28722
33879
30907
64037
56626
41862
62740
49308
26317
51088
99556
81202
24446
15340
36991
34647
95290
22905
74568
59926
59157
77240
33810
96398
48843
25874
93931
89579
52914
21630
18982
14104
26818
50972
34931
62914
19478
42461
24278
85263
81896
89104
67647
27828
50391
25352
30887
62175
94942
98740
11564
34753
61610
21472
91342
78143
84900
75518
47474
20969
63345
48652
63600
12232
48704
94277
93725
66804
82015
97208
95950
88642
86064
84849
14527
70524
10236
48014
13105
36051
52434
20278
61332
81298
20617
81465
67483
30334
61595
65936
15453
64045
86540
44853
85608
21707
54885
54805
81514
50512
33406
68078
28796
83268
73731
64588
16872
88152
80976
16655
66523
87887
63155
37593
29555
52414
12118
64171
47683
18783
68240
27689
74692
44820
90660
64676
85759
85953
52618
57950
89845
56012
21581
77701
71507
27284
46079
76850
14356
50886
64475
78838
53429
90008
54472
39935
53041
73339
98439
36303
34590
35944
70467
70706
36960
15269
75126
28646
62955
56574
79029
76910
82898
11344
81700
41392
58812
48698
60985
84866
36531
52899
34458
34443
60932
23254
80635
31098
68417
80902
23102
43876
80249
51229
96925
66041
16966
54884
93643
41296
86690
20237
57549
26918
50450
69664
53844
23362
38075
19498
78609
72365
71259
39339
92651
16824
82990
89428
82865
29873
78553
95900
53253
16049
87028
57602
12709
11364
59003
66449
69527
84871
66019
44429
72825
23798
13659
69346
34642
55016
81066
11362
31722
73698
42224
40695
59694
14682
81944
13670
51112
12612
55888
87616
79698
72859
52662
71850
71389
68646
49853
43517
99133
31558
26366
68800
76482
51819
61681
37051
52299
15961
28691
12959
68126
80015
57524
97235
34967
91988
21907
30296
33124
75573
59534
60340
80025
90962
81876
70111
90218
10631
64546
28745
89672
61632
44852
47474
85354
72587
66918
59780
16125
34082
81351
96304
76338
19478
21420
35939
53061
94453
51378
47763
57214
44985
91956
23628
51300
22163
15225
12978
54312
81674
86230
66481
66631
45022
11207
60660
99347
33406
69643
64536
47962
94747
19477
56817
56711
48000
71229
11739
24814
93721
20924
75925
44503
88845
19602
87265
92591
50431
18459
64966
15068
82913
98455
77525
68759
53363
55955
53816
88089
22214
56053
89626
16100
97530
34550
94788
75978
71527
44917
96509
44271
49974
69729
59160
82966
66894
80209
59293
77907
57835
65052
89027
72459
35264
37240
49652
56037
93003
29674
82843
33067
14341
12724
61448
25678
23361
67810
72550
47464
93349
14225
24375
62748
22841
95809
31423
23897
22497
81455
56556
93282
98543
36271
21297
29840
10609
43423
62591
18482
23589
92374
58178
71348
49250
36950
93386
62542
12878
28932
33415
10319
12298
43904
47656
50962
70145
73033
42818
97911
45084
93228
94165
29248
28690
64888
58462
11255
52111
89556
48931
72683
33106
67977
66909
82375
70136
88402
10038
63072
32514
52837
33551
99693
89699
28330
24121
33663
95675
72245
21270
45763
49484
58040
68889
65617
84950
88542
26148
73622
63016
40913
27475
23013
45622
80586
64762
98069
35133
43913
36447
20891
87952
93549
67398
11446
20406
79238
42228
99958
26859
77160
71651
61856
77942
50730
93480
35079
26689
84845
96692
86583
10726
19815
22784
91097
84326
69512
27165
65494
48250
79504
26486
50055
34071
52168
55427
50803
97617
57411
33064
25012
27799
50581
74743
17392
99660
15692
53355
93512
61937
29700
74707
93732
10631
68445
34817
41746
87290
98622
37176
51931
77798
65232
95547
99219
22839
65406
47760
21342
88230
32450
17542
52864
42102
99713
74075
30550
14407
54137
78571
91090
46376
44711
17000
57011
40443
51338
60912
22081
52060
60993
67468
89011
66497
31682
87609
89893
82414
12119
12273
42738
55993
54158
25402
75227
68656
68801
60042
19133
93296
11891
83723
33934
52749
99112
15627
10451
25038
25208
60253
58069
14195
90189
64137
63602
29671
91881
90448
27014
41622
23524
89461
11727
93651
77003
96603
65793
68057
79977
93076
80432
84097
98798
16344
97443
76510
71183
68725
75305
61485
85827
23761
16932
55756
50867
19315
35490
94396
56962
59977
64136
94264
11651
24022
75894
82142
55361
72223
30879
14578
97164
59541
71447
30289
33224
32536
97154
37127
50424
33953
70696
35866
94488
62036
87621
22736
58810
90063
26212
70277
17561
45079
28873
35242
57488
82520
80979
63385
34412
53999
11549
60522
60796
28312
72456
57713
21468
75580
17584
23190
41455
40108
84528
48725
50529
93075
79423
53809
85309
85396
32830
63128
22428
29057
14576
19663
88964
41855
40679
52125
37981
28400
95371
29377
15768
23151
76891
19423
45587
43253
82561
74164
38481
35146
91228
10582
40872
83113
68402
94382
22728
50922
69149
89206
55852
75645
25953
88736
89709
53990
66189
48743
16828
77955
55497
83381
10902
74781
79482
32061
96423
38766
30880
50519
11079
22529
43213
23784
11896
18658
39853
59596
43214
31251
12344
95472
64299
36158
51993
80882
90540
21877
76009
11465
40131
54491
26522
32818
73750
84426
67554
86993
36933
12250
14309
61661
32298
78829
80031
76282
39826
65506
77161
61003
62755
60328
54386
68689
23706
25324
88651
46017
26076
20198
13194
88728
10931
52584
88053
86444
32335
79477
97401
52340
71367
23784
56715
66701
48604
52864
35719
13173
82368
28848
24561
99053
53347
57386
74936
24068
21510
65169
63853
25620
51252
76123
58555
38773
47324
91424
66705
14955
84712
67124
54957
30464
41448
80738
93042
13142
59916
56390
77953
40619
27415
15657
22607
45733
69880
95316
82535
89437
28018
39512
27226
65850
35653
15798
36137
65013
91347
81227
98218
85055
42029
52925
21603
37884
30440
69033
90605
11227
30264
61222
81551
62816
42698
81149
22989
80877
44793
60924
24982
31472
13254
59384
91510
31871
93342
91513
83629
36645
74657
44943
95895
45216
97613
93036
55463
98317
77292
17351
49261
21090
72983
12609
81127
48541
65676
72066
22142
35533
32262
90938
75235
31602
78868
38349
43036
49798
84690
12258
27335
64065
76859
79772
90995
22185
62328
26199
13524
74874
84761
17489
91038
84438
44557
15114
87574
83602
44736
67475
86661
38590
71627
69358
28275
11260
81038
51645
45268
89951
15900
86782
55048
33659
76859
23254
10041
83106
17805
90212
39849
77073
67280
64445
35613
19156
88168
39059
20594
17964
29788
43709
99285
50555
13226
96181
80679
56197
73813
65319
13304
62657
22574
78908
18812
38827
48774
54083
70481
45392
91429
16959
90254
37521
59482
62221
55894
55340
79120
69141
53179
29490
10247
43964
78950
95828
18326
72248
78913
51768
48857
88263
59989
58267
43722
63284
18339
57121
24736
37849
37425
12440
73569
61689
90328
33334
27452
56159
40361
98412
65479
21969
11021
98725
92817
31443
23149
13922
74914
18055
55528
22676
72689
36644
27766
11043
93505
52818
94427
90701
27091
74552
34911
99674
62042
52607
86605
74128
70829
36424
84711
25885
68146
45591
91564
21413
45905
20976
69982
32830
43221
30649
47581
51713
72044
60951
80894
74163
11067
31474
77544
19263
83225
46075
68355
71884
43755
84850
79372
88956
64880
80909
24217
88030
72578
15397
35586
74964
19937
73864
58983
34797
42336
21553
48667
74401
84465
36615
62232
65684
61092
17117
23667
50587
52571
42712
83512
80592
96515
69870
28962
18815
91959
71730
19784
83713
95886
50254
78048
39849
52390
14849
66611
42391
97946
33752
42035
28331
30551
50932
12343
66415
21948
75919
46418
24712
34040
77222
17426
31164
51773
10473
78795
28101
82223
62657
73212
81356
72214
99651
23868
49898
61093
82452
16890
15658
75599
37365
81997
14042
47510
34660
72991
52502
45712
13427
99509
39211
50252
69512
15976
64637
59072
55272
73101
51632
34261
37866
24914
75739
30465
28812
18393
18527
91792
52213
58091
81308
42705
43345
37409
97721
60140
23301
72788
76544
81930
30759
42258
70790
27599
84093
10345
12638
35972
66139
79827
47346
12059
41158
42045
23545
15910
72983
25277
97062
26002
56416
33304
61844
24219
58937
60898
40710
50050
80896
68832
32042
95866
91195
10858
83462
19884
56977
64524
78733
14166
78199
89848
18577
24527
70048
92429
14522
14662
64447
93305
69373
34124
31060
75946
97246
18107
51341
66883
69171
95438
80370
62356
58514
71623
94070
72217
98059
63983
51945
81990
76156
65488
68501
89873
48300
81686
58505
94993
80621
62278
12650
30786
56187
49912
91163
41163
81219
97129
99975
71576
31681
97371
74014
45066
39032
50000
55650
33976
44266
30969
64402
69476
73302
86878
96289
83789
80888
81634
69462
33103
52804
50001
83398
63720
53380
18797
92695
27772
24282
11010
79871
26737
94161
40222
18768
34598
16734
54250
60681
23924
89228
59969
27387
15095
34555
33261
28775
61123
48294
89604
45825
25272
98496
55658
24677
68219
81484
18234
33659
49265
36216
44430
86194
97825
11237
77453
42578
84518
98063
57488
83109
59730
92803
39773
37610
14901
21618
57755
11656
32932
88961
57956
64585
92318
94108
43727
74877
42861
27971
20535
70762
36342
11419
69532
17044
69647
63186
73522
70137
94134
93648
84757
78906
61433
64382
37266
24329
85301
58268
76669
14330
90727
22820
90718
39086
70175
51081
55158
58931
71376
85861
57530
70206
17294
61041
36171
63103
55289
31837
92195
14300
34391
30983
41449
96696
95280
42469
24489
33427
49993
64066
20894
69217
10518
21649
78683
87169
82657
66703
54905
59542
26346
80099
52542
27485
51944
40584
29096
81562
37226
51719
32098
85716
69296
42762
98257
91028
68816
54726
25620
40154
76913
72646
15675
60758
72958
45109
22391
72176
44232
24802
29922
84315
23887
85103
78796
31320
55600
44886
96138
72217
30718
95250
59384
26573
48326
11084
95069
22933
40023
77848
60118
53097
50495
52357
61032
11451
25594
91274
25142
92387
55727
95649
57108
72446
53166
82225
78277
19397
95548
25917
61375
16458
32241
51531
33718
65666
55614
57737
67428
90402
26765
46649
94269
24706
45142
46037
12060
73249
69772
79902
65206
11508
97524
74462
76329
23848
26229
76943
90298
71655
25028
95473
65208
58690
42464
48379
69070
40039
97184
18954
75204
83458
85332
45673
52770
56077
35046
27939
27142
50203
55334
84137
66855
42004
32829
58628
25846
65570
17790
23057
36296
53911
30814
53396
34646
30695
18451
88443
60209
43346
72231
16212
43022
95242
55312
79754
58409
25268
87199
23254
75415
31779
22454
38962
91612
67254
42260
27977
92222
32923
75209
66142
37494
71001
48963
76901
43469
45345
44456
31471
36231
11840
58422
14350
88859
41297
96769
20352
20995
44805
79805
81597
69711
29734
91823
91272
44821
58016
23963
40923
88315
67769
72751
54847
14498
57346
45249
76613
36559
51234
41503
67153
93829
11088
73874
92633
92236
78687
19223
96742
16156
86944
40763
92942
43306
79359
58854
16834
75688
25994
35918
62966
54201
38122
25918
84790
19357
19303
82651
14047
95564
95271
49375
64255
48452
70770
39995
17365
46814
86023
79500
95875
54472
78495
53497
49158
93504
62552
79612
71661
62710
17412
94387
65868
72190
28930
99991
67074
81474
81590
23603
34824
52909
65864
49814
10449
24825
95230
90007
95198
14897
92722
72599
20470
86866
41684
70841
69114
51025
77431
62638
96270
22543
38175
69038
74803
30852
68236
63427
79480
84054
73631
86979
77826
93688
64091
90925
63028
97301
62803
70590
61551
16899
91873
63738
44640
12357
29451
43811
69900
49188
95678
67083
82932
19896
85713
83483
10578
30657
55251
28813
32892
76447
77061
47070
68087
91123
23732
89630
74968
90220
42405
38044
67262
83539
84322
60920
84007
21163
11161
71005
47968
19450
71144
47554
57190
65870
73988
54131
13425
89534
56484
83494
52897
62461
77517
80617
66076
78582
79376
81062
47716
99117
64928
73158
16811
41566
69193
74077
63087
16862
16463
37233
18360
26850
72150
25538
32544
26315
63657
60493
12274
57467
43666
51776
31472
15963
11067
17661
52663
71180
60180
36322
71126
31744
44771
55964
47512
78795
52859
41606
74107
66332
65665
79095
14724
62308
79538
62557
12799
77848
63790
77070
98300
95497
97683
35631
43955
61400
79118
27756
53162
13584
49071
65665
33384
61150
74536
43997
28773
43010
15715
90264
69826
87710
61140
80440
42685
30015
31110
89203
10861
98942
32683
97894
60073
83429
51867
89348
80828
83327
77340
75648
64738
29744
43794
39179
83787
74304
55523
15182
66207
83307
62575
43419
49887
32704
27343
19703
86814
20089
20127
54603
25535
41060
32328
73786
33977
50204
55765
47861
48721
98479
49164
80563
71755
91050
27960
25925
11222
27933
37100
72875
85508
37590
63076
72509
83686
94510
44623
53589
82738
66143
35062
86979
23576
43266
14138
81534
91886
15625
11565
79995
97305
20085
43094
92910
52613
19132
66068
31155
32361
84031
73810
72772
89233
26551
30622
90698
93512
57535
92793
33341
54684
58738
73104
58623
84949
44087
11387
72965
18842
16793
68935
46583
57720
51741
70775
79848
30928
82878
99692
67399
34874
38569
46206
79093
83921
71340
20824
20024
34453
78361
51526
22500
50385
37136
89642
62691
75909
28562
69164
19446
29377
95698
15421
95054
41513
78922
67446
79914
81574
77264
48504
18061
90749
40758
13644
25728
54331
96811
94448
55379
88398
31379
62707
47475
51193
36657
32645
63970
86973
38698
45642
24003
34029
17886
26386
82963
62596
46698
12979
37229
13036
12414
14507
70877
18978
43298
69489
22028
71046
40859
93788
25376
87179
35283
95702
32841
78312
72155
85465
86605
53687
30945
89341
80897
73423
64610
58203
45652
78604
62054
69279
10446
66036
16633
93763
76524
83206
18409
68000
20198
83260
64715
77913
18009
38337
96079
39410
84417
47161
78645
26524
54611
96638
41585
13396
98117
83387
28366
22724
44222
34237
89599
45076
44351
58918
11183
17204
99122
72197
61230
72763
45882
49782
64751
47134
61583
65574
37670
75017
64532
45054
78857
52010
46961
78827
59675
85901
44940
69731
17167
86926
26877
86667
26138
42671
33386
82076
83961
45885
26217
57436
14966
34266
99191
72033
83650
88438
33894
38256
47435
22554
93398
80472
60072
15179
14423
67039
16213
69425
86560
84894
49671
12878
43812
43593
37657
51907
20698
31704
21021
33916
56413
74059
58942
90239
31690
87861
78303
23634
43195
74171
88701
49840
24020
77713
32637
93005
69135
56560
28006
54467
45458
30396
72020
81154
12052
44321
95423
26450
35020
94010
14892
35361
46544
49016
63340
24882
32157
21051
77295
14399
31777
75207
49524
88395
12874
78885
81127
84614
79960
58326
25099
72368
74617
62819
28660
42669
46699
93309
10576
90437
69208
34895
20786
26375
68439
59309
57015
94665
80695
74459
83636
54561
82467
63830
35677
66478
86270
81197
99917
93841
17903
41790
91266
76134
24058
85751
17032
87667
47255
76336
89809
24597
43573
31185
22056
47346
64469
48038
56484
61059
30367
93411
86324
70729
67594
21384
15632
23906
31183
44973
25050
48173
41015
48293
53471
87141
34856
42531
13822
44536
37968
56971
56456
63254
68222
16160
83616
12895
55852
84878
49579
93543
12917
77719
47342
88116
63428
86340
20232
18152
27602
97869
30242
21948
25376
62068
77913
19799
79399
75332
10491
63920
67342
28962
73883
84892
45026
30803
93813
84522
48562
77174
98079
12607
53171
78775
20511
11970
45249
21957
21382
26668
24880
88106
64222
34730
16094
48232
48588
47156
87380
59226
91541
53224
69457
96277
30536
45286
17768
44468
36665
32704
66932
15525
36817
58442
43134
27943
15897
28008
46550
13024
17273
44278
35104
62379
80919
22596
25952
96089
23975
24191
15440
70548
41692
60378
62830
46064
21338
68698
92384
32675
81351
13497
24842
72064
50762
88274
61351
95367
67285
37631
85658
52660
13066
65819
98749
66534
56649
78424
42810
62630
91983
42268
59412
84773
49840
52108
13613
70140
94207
33418
51338
37988
91631
95596
14084
89905
18261
47185
45292
48736
61462
14155
65540
68953
41956
73738
58478
18067
50703
55385
56762
58528
93445
33063
92982
11980
21947
61028
92040
68420
93192
51427
21100
48802
42340
78096
95865
57446
54196
80096
31647
57524
72537
85895
23016
24388
68575
51226
28707
46194
88665
95758
86968
24420
91382
19521
26382
87454
61289
61900
32181
36317
55207
57161
10589
91032
81894
74109
55876
57917
83584
42738
14375
45373
48711
61288
84477
32394
60031
81100
93175
87760
41956
99700
51692
81082
21298
90785
49767
69785
61010
27914
98282
79490
50828
33762
61617
53284
32933
64264
70084
72370
29332
87173
47057
71464
56580
17034
47034
53480
91964
26484
28958
81607
61505
98838
16032
65113
23737
94547
51258
14686
82023
48762
18649
97848
33501
76875
77571
31102
78925
28302
41362
61752
51068
55584
66689
20038
49177
31052
65780
68165
58357
58397
79501
57932
24078
55380
38975
34126
66872
66143
57365
44586
87396
85345
37183
90930
84115
48359
83685
46024
12516
59449
62386
71485
99133
50445
79004
90057
72452
86821
64734
11800
50968
51689
99664
23250
64279
55335
13039
50308
42342
69479
84280
16013
18999
40420
74936
54480
44812
83819
27857
13024
57840
21558
16859
76326
42535
57393
55828
63148
35949
77861
70384
44216
67738
98990
81489
91283
22985
72324
82466
54613
33608
38675
93476
21729
72671
51083
29054
70754
76733
88705
52903
32378
65737
24869
61868
59779
87460
34596
33296
76010
71854
68844
46291
64018
99768
30600
47142
12543
49152
89461
56174
27552
44470
73086
17524
88214
20224
98014
69587
58140
19678
59779
88473
54293
64021
41020
35717
17864
94953
51479
81094
42061
98369
46340
25715
54503
26320
15343
44095
76686
42663
82180
11737
30928
52086
89222
12948
76979
57156
55007
13934
92626
82860
80142
74096
36286
53700
10429
87675
95404
16486
81271
45769
56669
12752
85944
44188
12000
46700
39491
49370
48735
76479
57180
77497
40100
38115
31606
76319
23186
92275
35719
43788
84378
14553
56144
56185
40299
62480
96180
15732
31720
47421
38069
28575
52244
95604
75298
56802
58583
95259
67270
60029
49170
94879
89397
78234
84097
56588
16809
24933
94845
12227
60334
55322
15975
55228
41871
72748
10702
61549
69552
50403
16815
35464
60991
58748
36655
27151
17435
21084
68410
15762
76992
80512
91209
75675
63079
85943
33103
45430
15653
89148
56162
61455
71364
71272
53785
31212
45547
10509
73016
44476
70976
33202
62425
66781
17807
35912
19007
42893
97829
98133
84032
49476
95447
85980
67456
91827
48046
45068
38196
67748
91992
61197
57703
48824
55816
43210
38593
85466
41582
58124
64228
35176
63899
93757
82789
59186
67418
59628
60356
81098
75457
65434
99093
72163
92693
57047
30391
29843
53957
34334
24491
67032
30963
73555
37277
50230
14128
35461
25413
56072
68966
31297
67604
61635
52173
69194
83535
79404
31757
49221
42631
88191
62493
88514
83725
98422
15320
83702
68044
51638
67867
94655
50080
70799
26112
93676
82325
44430
32371
19325
22443
37615
74284
72681
50651
27875
19928
71745
56020
41929
28279
61790
48037
46230
19441
25491
77352
12138
84384
20671
56526
65147
52137
72129
89457
91712
70754
54253
14258
65206
65856
74625
88222
13427
45112
25851
82950
27778
36872
79955
62638
24109
66232
63578
38689
19913
17605
52120
94554
15546
38217
88036
11147
86223
66551
89339
43681
53696
75758
90319
14905
95168
13233
14403
43896
85776
34094
26402
26207
84371
31806
46800
14706
64287
60855
89488
51036
66996
75470
66228
94149
80452
72764
14882
96934
24395
61695
90155
54101
47225
10210
15826
24487
65933
58932
43097
31453
42587
92692
85407
93402
20054
13508
27629
53833
52363
32092
14407
10439
54187
47452
90048
29456
45146
25362
73728
82325
82164
82126
33834
33312
93192
45103
84147
18426
34681
84596
89929
27833
77704
43216
93231
68325
81729
78627
41950
41707
57392
65645
22378
77539
55399
45859
96861
77707
99766
64849
85848
97627
70752
94651
58485
27961
54177
50629
63471
40285
81791
62798
28426
83558
27805
99202
29621
71230
60530
93996
13027
90422
32391
69164
58794
59637
22520
79002
56560
26277
88591
34957
36058
76363
90435
68862
48075
67653
91203
39670
98010
98017
66336
88792
74878
43955
41569
14464
27349
74895
25374
79138
80151
22570
53420
40597
24306
98891
27312
29010
38535
99315
50276
64046
60273
32192
63180
47088
54006
33506
78061
64823
44268
26709
18370
37382
65964
14023
96556
56374
51105
64059
71457
47418
56955
16919
53681
42645
97188
37883
52073
94604
59032
50100
26831
74313
20206
13785
29018
23390
59682
21492
50058
78660
29590
88639
99475
62619
18172
93228
80141
49273
38452
94649
43384
58329
80415
72543
91285
78921
55996
17945
61932
52332
99984
25549
55041
67440
74200
68929
20127
89998
98534
14093
13788
43918
59921
73546
31481
18487
91553
21307
83304
49039
18516
71620
85191
24551
96717
47982
13843
77288
13733
16195
58541
57753
30654
35315
30445
31120
15651
68963
21390
80032
86661
86434
47637
96828
95341
43250
45003
21492
38314
11959
36100
64176
25553
73421
16697
87891
27340
11024
29187
47684
24004
95254
74253
36753
17976
49409
10834
49439
78061
79812
73978
80190
56655
52369
53166
88304
25158
98258
13356
33504
15949
53134
94263
73137
64481
30822
92196
28997
20690
77625
16616
29663
88155
31803
31127
23712
67620
29291
60347
90992
88213
38715
45210
43911
70707
10861
99996
40936
74522
82056
74253
32755
48038
65955
94251
82515
57411
23517
86175
52894
77263
94845
31605
44283
86632
98546
10353
76738
87597
13786
52787
66290
80512
33271
69061
20666
46754
11625
82564
16489
75492
63233
10993
48157
25256
35830
45493
58717
95473
25702
97924
82707
92111
94219
23619
65534
23222
73495
34579
70987
89225
65647
70695
30104
78274
79627
58406
90085
47463
46949
58157
24448
44878
83560
70459
15436
26614
71633
20519
68236
28839
57070
27238
35817
92581
55401
70196
70268
43104
80869
84764
13729
13457
43114
32638
46733
61808
81488
73889
41995
34042
58072
31317
43003
22218
14994
41750
75487
26997
25408
54342
23559
62325
13272
22241
51589
21099
31703
76031
63146
32476
52463
23643
59281
93994
79292
26497
97906
87298
99524
36460
86755
71621
71439
29119
27724
74017
15360
29704
93118
24163
49962
89686
41915
21935
45587
65211
89776
83983
82305
49488
49678
75171
28218
61655
24653
47471
60101
34394
89763
69721
80138
38767
80120
92180
50900
90048
78243
60651
16483
40781
84503
10314
80702
76382
40909
85025
34421
57951
60754
55057
26534
46036
16496
68907
18775
63944
59589
33736
67133
22629
14028
54840
58618
89466
59173
61487
20040
87321
87670
59835
87522
94841
37144
51989
72377
71881
72987
14306
68054
48177
74816
68007
29390
96301
90559
23790
98322
74085
56349
22009
25155
41822
82526
25800
90965
56999
84251
25636
94778
59553
19397
71543
13850
35499
70950
65888
42654
40749
60516
64040
36932
94014
46050
31571
25978
41639
86394
77616
60738
74667
41399
63205
55931
65422
23031
69663
63029
73406
22073
91151
78847
18708
31146
78532
68644
37384
41286
84423
16231
16537
93341
73636
48586
28391
90275
51057
13009
51799
16287
87186
30528
86539
33223
31239
75915
25521
15041
28358
19738
49208
25823
89197
47716
49433
65190
88253
55443
50211
63692
14912
59336
35571
81374
67066
47054
29505
32404
32895
67468
19884
79667
68980
48163
75969
10822
55027
73254
44638
72705
62010
35787
51731
22053
34228
60556
29502
65557
21082
17477
36228
99994
96605
78949
22666
51298
58128
45993
73707
55801
98447
42251
94315
93181
42522
25423
38919
10086
80196
59200
70362
93894
49323
90453
71986
30273
71063
37154
16137
24765
28132
67036
71790
15523
32421
53271
28034
58715
91899
61780
76027
44628
61000
57608
63657
89529
50517
56386
47803
99806
54328
22494
43828
49087
86418
64084
91255
26678
92384
43402
77620
35609
23043
83555
31129
69094
23269
38951
37022
86811
44355
66943
12545
94728
63815
51370
39903
77223
44534
75369
30260
34872
30680
60538
18519
27662
89308
95211
75629
77977
82851
82914
50632
60549
93501
49374
65327
40696
38493
82645
57511
57516
31680
69953
70822
74574
32151
61093
21151
46644
81075
66566
62894
65002
30487
97394
86467
58040
77210
85909
17720
29347
93985
24192
84267
20252
22160
75482
83682
14448
15499
71155
43739
21190
27541
31241
11079
71625
49240
84977
39269
49620
46738
36798
89041
76803
31679
26783
38536
90786
23362
62704
94511
37373
79021
82103
25928
20801
41033
89029
50316
76401
34422
71723
42617
54258
83414
52977
25013
50055
17481
53137
48068
41246
40485
60056
83754
39862
31926
47023
76191
64193
70663
58227
38574
55744
75232
98183
18720
57470
91666
27761
57189
97280
21499
62484
39466
65039
36608
72981
79848
17051
21120
33329
57913
18007
78530
74455
44896
72923
31043
85274
35749
17673
90499
72198
79144
33516
99475
55743
49252
29983
48329
55218
83684
32436
73072
25296
22564
24988
93627
55390
10745
89136
35652
45169
63536
56828
74621
94259
40260
11800
28255
36147
38085
98034
36325
47786
16000
16967
60330
99849
42325
65564
67287
73903
76182
59715
14072
62020
38510
15830
60472
33448
86681
91605
91232
30429
64677
17738
27444
19503
59668
28452
99020
34226
24866
94241
47983
25944
77316
30379
84626
96280
33110
42292
45734
71163
11784
41978
73731
14950
62636
11393
31320
59940
35978
92288
80546
42949
73679
44747
29307
58134
35153
41840
36806
22532
51119
51456
17032
65282
44103
94012
26007
50869
95915
73827
85979
72167
89159
99297
26292
54067
35568
41274
45240
14796
36838
38609
55560
76772
58462
36313
72602
64139
61530
78879
81970
54239
74086
31796
67867
20481
50715
18463
68748
34848
87060
70009
96307
66933
83753
58197
27922
24492
11199
90018
46737
58730
29925
49038
73723
97201
88353
96685
94826
67471
75614
82991
96556
10386
96498
12031
95871
71527
16643
47638
16341
53963
81368
50936
49097
68954
99677
46606
85016
90429
88136
31935
33563
40247
38737
21819
16345
71091
48129
18722
66064
70353
77397
89764
16475
23527
41142
65092
90600
96221
42203
61371
81444
60379
94840
58949
41128
22571
95695
11672
57022
66357
33572
80885
36236
79719
48296
83126
94308
45929
25081
29856
35367
58818
98043
11254
33347
95627
42043
64200
68233
53679
54108
19148
28987
45182
77711
76127
66607
33538
25972
72905
34591
58739
96482
32675
53463
87044
95251
69678
37802
34261
56299
24315
97572
18746
88368
21705
14680
32986
31975
52976
38403
60450
66126
91062
97377
75957
44185
21870
69220
17836
30876
37790
57871
44687
56264
30745
71050
14080
60074
11470
63880
66472
65402
61440
26420
17119
60519
57217
29645
79181
76910
10285
85565
49775
66717
72099
67469
24823
79607
18528
25878
84004
11369
63445
64863
79945
47740
54136
88823
23827
86910
25248
16867
61848
94730
66353
99810
59381
10224
49196
15583
87197
13771
70716
34925
82270
91738
90637
90854
95932
48223
31626
17649
65207
67841
34893
12324
56283
76575
56519
43767
65335
34995
85778
65242
89104
49809
91696
84182
69039
89110
38418
24569
30259
81955
70747
10243
53167
15744
71472
78125
83436
87810
42614
24873
23496
20713
21065
18902
18116
89939
55705
71864
36902
44768
51957
57501
30167
57915
64487
50416
25609
97761
66443
45584
33508
17475
92604
93440
40356
89671
15949
44986
12771
96166
53124
89076
93620
90178
42870
35434
90056
18637
89423
96064
78863
97156
23986
81013
31737
28446
59692
86529
79835
53091
71045
75715
53945
79512
81098
54463
49882
71983
69253
51442
90929
41984
33699
13631
38731
88892
43574
43602
55161
49796
93817
18457
36549
74931
50842
76020
70615
19112
22396
29427
41275
70949
57556
89795
30917
26984
44056
58081
39356
32367
31004
88770
98233
41288
62408
29278
16736
65647
80797
61030
48533
10558
79106
50672
69532
84633
85114
38235
63624
17247
87890
51145
55755
83722
27093
41646
49584
60520
95315
51434
90722
65478
32132
63903
20340
97795
67615
42960
62090
64924
31286
31927
25396
21147
96495
68131
23626
62363
29318
20719
13028
16684
86639
62406
52068
14270
73062
29804
11776
63774
32426
25307
79373
14889
54516
38274
10438
17602
95940
36226
31403
96120
93440
87580
87680
76014
77516
30788
77348
74851
69143
28462
30487
41231
86469
79661
54865
48046
73067
69556
35281
38924
89778
13493
94565
72299
81336
24851
85264
17692
23061
56415
23663
99803
39202
73771
43528
32159
84358
86538
60459
93413
52930
96287
67358
85769
79727
41574
51182
52875
43043
68874
36832
87025
43570
70930
96007
29994
71218
30074
15607
40721
81672
50356
58499
55781
83799
32371
66899
51101
71710
22786
81213
92206
92138
78873
68725
18286
69626
50106
87934
68970
54559
59362
27030
50230
43271
18857
54102
97358
30464
72751
49759
16081
77955
85258
94737
45691
48953
41546
60788
64439
47931
41410
32821
35476
95774
88394
86216
24645
65590
40636
41923
68955
20368
40578
30498
24881
61943
45938
71799
39122
48389
67622
55372
24739
26013
23028
59828
23451
74917
61407
31700
64476
84280
62835
71622
70078
79636
68243
57842
13682
11503
40162
12330
37416
25899
24792
79789
75196
97242
86315
25835
76134
10098
73353
97449
34937
59273
20495
77347
62825
73388
34922
96807
32649
13563
19245
46495
31820
85617
41163
88212
35913
16256
31996
68348
17318
82076
69140
59062
63898
51406
99880
30999
27441
67692
55474
86507
20548
79815
90763
85247
80236
27205
11974
62150
72681
66516
76587
79957
17850
51813
78799
61568
23861
71938
79733
89571
15509
40017
70476
52416
77173
13974
29530
95218
75968
91556
32855
71577
74263
84922
78817
71101
26046
84804
66574
99642
56703
74976
65796
19874
78968
40064
58018
32602
58613
84291
24531
49878
27219
30487
40312
81879
57992
22049
33830
86518
42968
52214
12824
39306
83404
51435
59862
94898
77818
71540
41297
55043
57488
86772
47444
84072
72571
49242
46094
59101
88635
56900
61049
86439
80909
12710
11566
67796
11698
26908
72555
97831
44011
56776
86256
15555
46755
71773
66074
86471
15709
99246
47456
92049
94992
96145
96722
17036
96701
99303
41376
95245
43320
12040
27784
73466
80486
86166
45520
29115
73072
49411
64409
68829
86430
70209
81122
87186
59364
87843
95058
59394
53974
95241
93902
48230
16537
44524
22264
43951
42883
37046
20419
51898
89062
48112
41783
97655
67833
46099
28454
13372
50751
85326
34953
54183
38048
65199
16538
73800
33761
97685
48668
67953
96052
67058
77599
70437
22628
25748
78341
11160
89920
49344
90962
61900
72681
41354
28062
49174
60577
89510
90890
54687
56702
64066
94140
97485
62019
17961
81441
35609
60606
23409
10635
91725
80035
54473
66308
21551
69618
96282
29419
97171
28325
83873
49351
88705
38374
38979
25539
26886
63655
74756
60241
43845
64270
88354
68802
80416
22429
36062
47163
65701
28159
13189
79266
24466
90563
15502
69584
25504
35531
48240
42098
11348
69603
83876
38658
67279
84524
47631
16461
49445
36521
17982
34210
68022
45735
82232
13580
96495
20602
61172
20125
77484
11117
44558
88265
51287
81103
13768
91398
48822
76540
18779
40701
61978
84602
58233
87727
76827
21779
85124
62061
71138
39468
38794
64520
79223
31057
37504
35058
14170
65025
66530
35741
33893
60258
66562
85149
58932
82681
87475
94537
94866
44071
26291
89318
80143
57756
65106
49707
22401
81872
27865
35909
65370
98541
87402
38743
19483
78003
30464
11996
82456
24365
22980
73923
22008
51225
33370
14571
16735
99618
82269
13863
51686
82409
30038
16723
94661
36028
85349
23691
92494
22513
74529
40922
40343
33785
66317
31219
92102
74343
43562
65599
43278
92737
47296
61734
17643
55621
62788
18023
83799
15336
27674
80958
37703
42597
70522
27422
77504
57770
48674
27406
45895
75399
71935
33340
59380
82918
83248
70120
41092
36396
20795
10154
53363
86928
13836
87231
28054
85308
11894
28496
84732
92685
16339
75558
10968
15015
59804
33297
12290
32904
45600
83398
87826
94645
98585
60004
15134
51242
43968
87640
14032
31680
14162
32526
50331
81216
75959
96544
17191
30818
10049
22683
99237
82398
45594
34402
94680
78656
20700
89441
82633
68703
40878
32582
82444
14099
10814
21324
45432
61459
17256
23493
76288
46088
69656
41439
48064
68979
46974
79451
89272
26359
71681
29586
76545
73093
22347
54479
56809
34756
65852
96695
40393
18027
14991
72959
73890
59059
12742
19281
70643
42452
90236
27006
60199
29789
89129
28940
16628
65026
27466
93649
81427
28682
46061
65068
74143
15627
70611
41996
19633
87074
31422
27543
34053
52382
37497
19143
48295
40290
63849
59831
14959
11004
84883
51416
21257
22341
56756
88886
68502
54701
46593
47145
96905
44490
31027
19764
87741
73262
94825
27548
44620
74966
17455
51958
29027
34902
86882
91658
15837
23058
72381
58049
59916
89033
31180
50611
82105
28340
62613
40735
13852
34959
66059
92562
46922
83613
79036
30564
57953
55164
83279
87048
66234
20977
25880
90817
95051
31101
69475
65330
33700
43259
24098
51690
25715
94987
99171
18972
64740
10901
19087
20808
50766
17931
60720
39259
60612
70670
28596
46280
89547
20831
73912
42420
53933
19680
52838
34615
62948
30090
31456
55655
99453
54971
54979
66228
64860
37482
66300
51039
85622
12765
56033
12017
22557
54553
14096
83403
77096
56653
36785
46358
19715
18414
34838
90136
35188
53872
24899
33012
91643
46356
90303
23235
14346
34188
51915
97561
61609
59262
15724
76128
66290
61390
52640
44425
44872
35840
49809
80410
90200
38775
91391
37011
82446
19301
65275
73875
31745
85099
57227
32086
92933
42775
56835
78904
69790
27133
79767
93770
19930
29669
95929
31622
76050
61174
53051
46916
69350
73992
63217
86819
29261
45492
36685
49912
74475
63152
29543
32153
59453
20041
19502
13455
28815
73061
70645
96914
29194
58405
83767
67447
31639
72343
27352
15090
89124
64632
33515
95804
21065
27670
33549
55475
31408
78913
20203
64632
53484
78499
75315
80193
32606
34483
56325
66875
67157
84081
73032
71245
55094
20734
16976
67255
16781
39229
30804
93985
24019
35084
38204
66354
74948
30914
83837
96205
85346
63280
51361
66882
78187
62361
51360
31269
75776
42187
77954
72712
22504
90744
93807
81781
85841
75588
99941
55745
86779
56333
75329
89742
73637
83644
44178
67996
71940
32955
31352
99185
58152
80549
43244
70101
97631
73072
81675
47549
20590
56610
17759
35045
28560
51599
85294
68823
32207
38071
15719
69122
37912
55262
88865
81028
68848
80426
94259
51192
52068
53916
54976
50508
40402
15778
12024
55043
76781
54747
19003
41076
41529
87987
87178
37263
65037
12702
47031
41427
33800
44413
89353
55526
75792
87140
45283
40240
89683
42362
64927
91361
59080
52909
91134
59314
82813
27047
45197
56743
51428
19803
76076
88899
82685
56933
11902
47997
72465
59673
28202
25855
52600
94640
75808
25781
78055
11270
10463
10391
13135
15240
35380
21077
82307
56264
37720
80153
47717
84594
92579
35920
16628
70500
61780
25777
53426
27186
40609
59674
79951
11560
80832
39578
66702
97106
27571
47761
63542
70973
83112
64283
15042
13153
24339
62156
65163
90790
35311
49257
98609
36950
13666
16280
63759
94546
11248
74902
86273
65604
78334
20685
46938
84677
17738
68511
32837
98008
84686
15839
39641
68039
62849
65923
48575
31910
40271
22282
84524
24367
55483
89080
23451
56382
24244
23384
46200
16104
26352
23680
37690
55239
78004
71470
37484
70267
80357
23374
54504
52354
90880
11716
73738
31891
82031
62413
24759
71106
94295
76332
71960
92633
62013
44403
13007
68089
48630
20117
36829
90809
43012
47441
66746
90433
23424
16155
17971
91791
35188
16967
67359
59622
52639
33097
48046
88997
91881
90490
73686
28892
22809
96805
94039
36539
42024
69345
61667
52992
31537
88522
79904
64613
63347
57234
67097
21632
73978
51438
64889
61133
73410
51560
49795
82540
70729
38718
29420
92261
24720
34079
94587
90814
57311
56554
97227
37764
63048
93916
87071
63104
52637
41864
18288
80136
56624
79308
86066
81806
36945
69092
89906
80788
52213
93767
58788
92476
25288
63476
14471
91726
95897
48537
60376
99432
45231
97271
39842
72015
70994
16920
24006
47654
44326
48940
84290
67254
62182
68756
94734
10819
74124
61800
40126
44227
18506
34202
87894
94812
85401
90248
11081
73923
75607
83088
61575
36944
96017
23479
92803
70025
92656
88265
42574
63238
56381
24967
36697
99560
16672
99306
40844
43186
87031
27436
75829
25815
84934
67258
95169
37778
55315
91335
46271
26785
91342
47935
35258
24732
74521
51750
29230
99484
27035
90780
65810
40804
93423
39484
23264
88552
39368
56802
70460
90294
70968
29192
21065
63734
21737
26306
13384
76334
60227
67946
19064
31350
93450
58117
53661
13430
20696
24470
23687
33552
18055
61494
75704
23398
63615
69308
22251
78646
21294
42308
15088
16266
28947
23654
41419
40964
96993
15639
64597
94841
45711
32408
66104
82193
58109
71783
21030
46590
90474
70827
20684
38740
61369
40985
76507
32129
70668
98803
26977
89156
88179
86445
91926
32374
13375
52951
63725
81263
25931
93795
94419
16187
31561
62595
51436
82894
71363
49504
46189
76168
62821
81012
32083
43783
63147
92168
81680
21676
55962
27784
40142
85237
88503
93463
52388
69418
49711
61717
81095
46614
97717
26786
71274
38429
36754
16718
34131
79795
76436
13747
33722
48592
68865
51851
74092
13195
66774
91356
89631
26216
27703
47825
49959
21769
97220
81708
57764
75636
20594
22248
84507
16418
77860
87881
96502
24391
17538
58036
50582
19744
13922
19800
37590
11871
86555
23899
48809
46028
56200
69829
46189
10281
71750
13521
64687
45010
90656
10281
33097
87232
47330
60151
31342
85199
91117
25421
77215
21198
71892
43825
47456
37011
91552
84168
97640
38185
37473
53852
22279
56736
88260
47300
69667
50626
85923
91179
97762
41732
48841
61352
81974
18622
79535
87569
56420
14725
35004
86350
70948
84315
81735
83910
71954
37254
60752
52740
83496
47235
39589
62520
77471
78324
42276
35766
26544
75351
19469
63907
92848
36184
68151
90070
26040
98148
92663
41128
39030
37309
14243
10178
42821
40844
46091
95689
41660
55729
38218
34585
93353
69663
41618
90497
47422
90518
48145
37408
25994
54138
21381
78797
31800
25013
67655
44159
42122
29586
30949
27525
71483
27577
54979
96403
81700
84513
39817
23507
50177
30932
56836
42684
85912
40330
94946
94922
49838
30516
92611
44769
55095
23445
75023
67729
47069
73710
28079
99343
53578
24978
14575
97917
11849
18068
31829
16111
47602
57733
52026
97364
89900
76119
77879
39863
52352
24956
70441
51114
81535
67183
83123
20618
91537
48649
75521
89411
89617
81129
91889
46983
47477
59708
43134
11016
49312
27771
19499
47817
72464
72675
61645
29269
95207
83766
56673
12553
87368
63324
38572
71329
55348
43754
50330
70654
98901
44681
62202
34269
95550
25876
98942
59124
65743
35870
78211
16442
23406
86775
64292
14371
88039
85671
19716
11729
48255
16485
19569
29553
11826
65480
43579
87991
79819
44751
17514
54950
82196
93341
83410
72391
60708
24474
46298
96425
59965
95893
84715
44882
18043
36377
26162
89962
52655
77433
13072
29093
36253
61426
84410
46162
66748
49750
29007
19036
43656
82028
89232
66868
66023
89640
98059
75654
65469
65735
95317
17523
27807
28522
18054
44725
40912
30080
41541
14809
81883
77481
45924
67171
64127
25550
47126
24560
60543
55298
97866
67091
92124
63990
91741
79803
57786
48478
54523
66385
41449
54528
88377
10448
75850
50329
59049
32126
79114
99361
43076
42491
77648
50164
80198
86752
95443
97402
56196
99330
47653
13080
61948
66117
11531
99048
22991
70787
85415
42596
36451
96525
36086
91991
39978
31380
87407
49324
29157
96342
40669
92209
32319
53252
80691
81503
25630
39550
42477
92506
91536
75571
29854
43114
10948
74353
86844
47271
57723
79304
45832
25532
84596
70964
84542
20294
49489
19938
76869
38136
36250
30277
78743
76540
57355
20006
62592
44836
53580
79927
90948
37106
46020
22281
55366
95688
12164
20565
93466
34743
75325
65720
78772
42537
76087
52433
76337
71757
69865
58128
22942
38576
22461
55795
12343
22297
11588
37612
48684
71698
12952
14256
43948
64081
35418
86898
47505
65199
85596
78601
89085
45309
24149
58664
57502
50677
73247
77791
42357
46993
67413
34389
60784
31202
81288
16201
24743
28543
60792
76434
20832
72751
45648
88928
57985
44705
20901
23200
10303
63366
37181
58463
68071
83509
49977
78742
39523
37007
71147
29188
36709
18678
36699
18528
84361
30785
55636
78036
31604
16056
78349
64084
14363
35549
76329
83500
72970
85414
69631
34541
54567
17814
45837
67834
59409
22231
10600
88025
60004
55778
63071
22232
28049
47134
13414
73167
93560
69746
47053
50672
82100
82157
86463
22566
57545
62078
10102
59318
89863
13489
16060
22445
10018
82957
57611
60248
48991
48307
41982
28125
28629
70552
98953
43947
36406
76375
91071
15271
22103
57959
20338
64593
31848
41029
51762
47253
10354
23129
49906
27135
37059
60889
64164
51823
50542
17265
26674
63650
22901
28569
46418
67527
54883
49788
58403
75086
95186
66380
55797
70515
53257
94466
22054
82184
86298
23743
86504
93460
14879
15050
89151
45563
58227
67969
11186
33698
72540
27180
88591
91445
74966
37851
90494
58618
64671
15923
38128
78040
98331
57138
90727
59075
32406
42419
37629
33768
36749
43469
41929
28171
38479
42244
25474
70368
71940
85846
92308
99149
12046
33668
92844
23199
73315
35961
92585
26721
72822
55495
29131
49831
88050
63858
22395
25322
38057
13045
37328
57069
29579
15547
57444
65023
29819
35592
31322
57765
24989
86591
83581
32465
64096
37272
33081
90911
59892
33551
55040
82945
98847
60455
55883
15639
56575
28491
46654
28284
36748
18234
41578
54030
52006
74954
29026
47686
21709
79383
97729
19749
10602
25953
98365
31867
85884
32614
31350
36854
67927
59350
72113
80328
89393
74737
34982
90962
71466
95643
45422
77504
31001
65149
26952
67160
22849
26924
12252
90404
31517
64612
61997
54911
65951
46986
92028
56501
33103
81955
13063
52847
56737
82238
55765
94124
90743
83888
56834
92422
64448
57721
91353
99586
44686
17623
20518
27011
58788
40209
68030
33979
40717
53656
47814
71339
80993
18288
71981
18914
89646
28432
29448
56486
20309
42395
96271
53787
57389
70578
19370
88252
87488
30406
54334
30515
23005
97149
85661
14352
96093
82107
94046
84432
11110
23917
11340
48892
65351
23665
28248
15660
81074
78340
30814
42714
64129
19308
53181
53971
50385
53400
21088
63178
66371
66044
42966
62591
90209
33639
28954
36286
49974
37542
30124
82929
69307
79983
61997
52974
82678
85574
23258
70143
31796
93954
72458
57186
32006
48983
38806
69616
60277
48021
52740
65501
75703
41896
82421
83651
19901
78049
31099
50084
69679
86745
77693
70560
43314
23097
65817
60143
62546
18412
83133
44291
54576
92347
39944
42379
87915
46878
67178
23959
76032
28324
29568
83349
44911
44152
83081
19055
78561
14293
10799
22507
35008
10144
19109
87401
67661
55127
11995
91198
57077
47661
97747
18328
86249
25465
99110
75908
36630
90855
16354
64211
49226
67557
17162
75281
12762
74665
80981
12082
52927
88128
15535
77960
98324
18718
34828
98083
26475
13638
10285
92026
94529
86590
98709
36050
18141
70507
83201
40609
45879
38350
21686
32055
57397
77935
28512
67905
73376
21847
53774
48083
56929
62978
12501
38599
98766
72808
69326
19208
40301
38551
45771
70844
85951
42205
20940
31528
89568
10229
23821
73708
43074
77137
29372
59941
12094
29646
81688
74059
88104
90330
85530
42411
80885
82113
59245
60077
81382
11116
48761
15507
57125
47448
11189
27776
53141
54619
26277
28436
95758
63300
83633
25846
68708
91676
67745
53812
31989
16711
53960
43130
46966
40722
91715
23008
16450
32953
63835
91106
26183
15106
18754
45413
95148
78915
24848
42163
70911
29847
93766
27742
78322
13454
35112
17550
39905
78863
34862
19343
64098
37689
12128
93227
57551
88122
49220
57278
22982
79819
49208
32961
80370
72031
99304
54884
52021
49854
33798
33592
55012
39045
58494
12866
60468
65177
40684
89280
81613
15097
17598
23339
38405
38242
80742
15488
35685
14394
20274
86402
62445
83361
12662
23585
63637
54585
15951
19939
78693
21134
65679
49664
77328
76871
77751
16449
48896
12883
88215
99551
24687
46035
89888
53569
46539
43022
63775
72322
78390
45743
80506
75641
34271
75368
85717
98691
84457
81507
77795
93932
59025
36347
75202
22703
84691
79189
40263
40605
83414
85410
10958
17182
12479
75643
92860
30253
96521
56382
53616
93777
94884
53104
38171
25943
76655
77083
99136
72546
66337
72010
72465
34355
38852
73128
88755
45714
11436
57592
92271
80967
12707
89175
63967
52885
17394
29503
76926
87682
60774
79605
59118
45468
65903
29046
69804
72801
89184
27920
46601
50034
37942
27133
98632
38039
30616
99763
93728
82520
25379
40231
47519
39269
58988
60865
21386
93830
58713
49789
15009
60096
41686
75560
61817
17234
83070
69635
66689
72764
84923
34454
72758
47113
17463
33630
90195
23766
93461
15017
70938
10651
93136
68766
49358
19413
94691
25009
28627
12421
73686
35542
49894
99210
51148
71955
31416
23702
49864
78544
65668
35611
44476
26676
74197
66470
66307
57170
44532
18448
50557
89925
78053
85459
95185
88051
32679
29897
38440
10509
66455
68347
46096
14464
45609
49493
80830
53754
37961
95969
99700
63619
13800
58060
21923
23421
60080
73177
66801
80875
69793
21925
89888
98504
63355
11500
54094
80830
84841
29663
99913
45873
87579
30026
24934
47833
92869
73933
36222
10756
42396
69079
90354
56423
26177
19773
39278
57432
51022
97451
44782
76589
49002
94212
80381
73953
86836
16902
73654
66338
15429
46545
44378
67116
70548
51847
33365
40703
80771
71122
60254
78264
98249
82322
45392
60413
69781
56723
38485
87072
41935
79631
24339
31257
45092
85717
47083
49500
27959
78225
81871
47972
44335
89335
29160
59699
80550
58468
85626
27386
53605
77931
68815
61814
22479
74273
49448
23310
74414
60838
53359
73460
17810
60812
77992
69126
64803
85373
51535
52014
79824
91286
52813
73851
95962
31379
76505
64460
49591
79468
80361
53022
84814
99330
34401
55775
15665
16690
20830
46506
26080
59989
74285
91111
92957
53595
46663
63581
90859
46597
75331
98541
69150
57088
20029
58456
61999
26941
80096
35743
26076
45365
52578
47222
27596
73771
60792
77092
42055
67116
59365
91976
29632
55450
85091
92403
83133
34914
20231
78539
52087
50922
17610
33368
36849
49420
40390
59997
10421
72831
16785
16238
36279
71175
36011
65704
56247
52047
91374
57021
34009
77823
97692
81355
90345
11882
21263
52294
26654
48400
74619
61306
97507
30772
37128
99725
26753
57943
14439
23704
66699
59593
32028
27253
73964
46164
27221
18417
80777
30471
83679
18780
36859
21475
53364
86395
34383
51310
28422
46963
79838
77042
47052
43781
73610
28989
32255
73440
74769
25886
69867
65313
37421
95775
37972
81874
96304
69429
68493
63708
28943
64100
81795
26425
88031
26332
56747
11934
50817
53157
71181
72189
54384
31251
98296
15800
46523
25220
25461
66298
48268
60344
75010
63757
36967
39659
50225
79708
10522
31903
54174
82763
11655
47602
49115
16366
79331
93553
95128
90776
49596
61462
25818
55476
21239
15881
13414
95502
79699
19326
20837
69923
38136
60963
83874
91316
43345
54405
85316
55893
55280
19201
45900
60637
12153
12047
95942
24146
53501
23985
63998
72741
30647
57473
82609
80646
11068
18726
55688
80270
23371
86530
87148
65595
47355
49365
92450
97632
65554
85091
37428
63552
39185
20598
80319
46861
59880
72313
62637
70589
28975
46975
32215
94391
59192
79011
37076
96803
96912
78028
33165
56565
83887
65225
82994
58715
74268
25306
13809
77215
49738
24874
36934
44453
96046
23255
32400
72930
57526
41522
12866
91712
30909
67622
30614
11634
40972
19601
55330
14482
28255
50723
41568
56846
33067
91595
81547
44796
57705
75909
96952
36323
36134
65266
25766
68229
48513
17739
55093
18001
19472
67856
47182
62223
83681
34326
78940
70108
51356
84391
19575
38521
57464
30990
38002
26889
34080
43973
32461
27030
99593
41817
34054
86090
46728
14324
24108
51007
22127
76808
44016
74791
19415
77713
55778
49366
35886
40505
55509
93455
59040
42038
86169
70829
82380
43287
20797
38543
42892
76619
15873
96502
98044
47064
92161
37623
20770
88619
29446
35613
20452
25763
16779
98658
70328
74044
11173
60956
72641
77132
19138
71721
41589
94262
32520
77106
63024
72394
96214
95414
96296
37708
94889
99669
73639
75981
52002
17831
44138
38754
54848
20505
55188
41171
40849
90291
23751
55349
68040
49325
49155
73526
67462
72594
28673
59827
88826
47873
98388
55618
18723
61745
20120
94601
97190
36052
33304
60429
33018
92004
18098
13791
76549
98042
96981
76946
30191
85219
83860
89941
42660
63159
72124
49440
88814
22388
97389
10405
83368
18703
91198
13875
62230
40069
17080
79695
89046
14289
35139
87558
19786
29476
72619
73311
86088
44324
84057
79248
59161
77674
56947
57548
49958
98318
88631
10153
66463
84546
66897
89751
88876
11469
41548
23273
93914
60820
57310
96128
77552
80292
65778
56860
93177
25141
61614
59096
85578
36073
25228
47199
81400
95279
52239
79252
29287
10791
60379
15212
92418
69176
60108
72124
96504
42011
64971
43564
35309
41421
52267
31843
34860
39028
82530
80274
20459
23134
62308
66143
68455
35926
53874
20916
82145
98757
42802
53252
57991
89151
97186
23993
63306
15998
47428
49917
38470
48394
38928
57824
90190
12805
83082
37378
74889
77154
73455
66913
25438
45937
33546
69489
70654
25534
44287
65486
50104
52622
42379
35693
21014
19556
55248
55353
10374
65081
67286
53674
62531
51904
14860
93462
96868
77238
16949
51587
85752
86147
32915
61656
55498
26082
83951
92616
45290
34769
78052
92113
96291
83089
59690
26014
63365
30010
85426
20374
68984
87403
27393
91062
70845
22792
86209
23418
55879
49384
92093
66483
19905
19657
25469
68624
11679
95117
48547
15480
63492
60159
59118
53592
60267
48231
19189
80644
33236
19601
46227
43472
68312
48665
69027
26239
32869
85770
64384
73095
48938
85358
66183
70933
69125
80634
81180
10383
71992
55998
41315
11019
26642
14573
69271
74170
46205
63673
83755
90301
54288
95927
34002
75101
53527
34552
65680
18779
70138
40840
96435
42289
17387
63233
15895
41351
59409
33791
29847
95634
45581
11273
36051
18325
88719
87363
44925
96420
44944
93149
66650
52021
63384
67175
14012
88347
74942
49711
71003
37745
52148
18241
69179
97766
62390
38034
84166
62717
63604
61849
51860
51174
32833
93742
31786
82217
86817
83070
13376
25146
60828
51650
90084
53931
26677
16462
83982
36205
77654
97402
86145
90746
51127
99587
91228
32749
20342
95740
30619
31764
57136
66649
44419
62735
89759
68443
69639
85024
65534
87724
75839
57280
82443
64039
86092
64190
61798
65630
75288
77777
86271
67291
93819
60676
50372
52003
25309
79180
24129
27123
74240
52512
67978
12051
25106
75680
47053
49103
21949
15569
13240
78828
56618
89765
76026
29457
29820
68774
41389
90107
71697
24699
89624
83780
98835
61862
58261
26954
69255
89401
46845
79700
25510
12657
25260
30329
57185
21695
56737
21048
71780
97334
64208
51513
36761
72019
43806
65390
99022
31055
26926
55979
67769
81322
94695
93212
73474
49865
59106
34551
23308
89053
78615
49407
92868
39773
48628
56814
76237
60511
97648
27629
26872
24368
88446
32760
86112
20433
46418
40938
91648
55234
18397
49920
22069
12939
53153
44557
61391
23564
41362
98845
61287
52074
56089
18276
92206
82875
63607
99891
65242
57973
58066
12074
16278
80767
80200
68355
94281
86401
93637
85599
58552
17809
29678
16527
13694
62471
25171
59585
22193
91511
31569
41453
74536
88348
98055
94968
26731
88523
56527
10778
67088
77645
22442
47119
31491
14053
87573
60916
50733
44081
84471
21890
11191
38659
40165
21958
27967
89761
68271
31797
92508
56081
28739
75549
69785
96277
26761
12123
55401
89834
58713
11177
19112
51413
33308
14157
34641
94837
24760
55234
31308
93289
61306
82806
81194
17477
35777
21801
31047
16555
63987
35651
16488
43990
21541
78152
18035
46128
16043
20502
93065
72476
35357
62589
59984
41748
75620
26559
44605
13131
70638
68485
17875
81321
25204
79070
29084
23431
59749
68471
56014
98850
77405
46850
96098
91694
88678
32456
77213
45929
94432
89254
61704
88220
32028
31092
39460
57421
98852
55842
35253
30481
70878
99353
54052
24731
64030
67501
17121
10796
41141
33708
28399
54603
98344
51695
67649
98359
41255
52152
94362
63841
28198
10441
73445
62222
68001
97082
90839
95750
84655
91522
37193
51896
33291
77568
24417
14037
35665
82462
89096
36333
47096
35113
11035
30151
43588
23398
70065
90751
28611
81504
66423
59690
86880
12662
50738
18729
75267
20678
51098
42414
81125
90217
37344
43488
28246
46708
49369
26174
97682
67395
97237
72012
26943
33646
44279
79083
27475
35233
97242
13583
10959
46987
61668
63864
72191
44735
35011
26511
93103
22487
32529
55906
87239
70058
30453
79473
66185
99398
14251
41559
64847
28508
60059
58698
73819
22087
17680
17120
62609
87170
34759
25954
51823
87354
77986
23147
42264
93174
54717
85843
96122
38103
52794
64338
25009
45166
16451
98686
92993
62888
91917
72397
16972
51106
94230
98032
85610
63900
67921
14431
18041
86254
54015
61850
83729
12758
31109
90865
31943
92150
63114
23172
68929
63331
89546
50441
45752
44895
21770
87121
99183
29863
16060
13401
94095
76265
42267
58106
88917
92472
82442
60500
29080
97218
35769
72958
82133
68937
97100
36442
94063
17291
30108
85087
71337
71715
41613
21712
93593
85737
94700
21508
96815
66662
99189
50862
75250
88556
31675
32951
46161
61906
55555
11089
48305
39885
43592
15960
33121
93610
47947
71726
51699
87309
90820
94003
13256
43316
87507
16959
60339
34824
29152
27708
39832
34730
57330
61580
64005
43929
16695
10438
77058
64995
42793
40903
68162
43990
84241
60119
80987
83084
49158
40129
55822
21066
35641
72282
78475
57775
66523
12304
52957
13670
71574
55247
91310
47340
41645
86031
63443
73191
97628
41935
78295
43190
83823
54644
33750
68832
91005
69540
32281
47677
93623
94188
26061
49675
88547
75636
20321
74307
40442
69545
73801
36090
25280
28609
11720
16125
79990
22528
76945
95750
97377
74414
68842
73737
26751
71599
48834
16065
65458
10339
81261
77040
75228
49192
72222
52431
28324
17580
69474
36786
47639
23990
41474
47553
96476
53349
30419
47820
85903
90439
73524
59204
44403
40179
19880
34140
20001
52225
71748
99723
70990
70246
96164
57895
87244
72833
58143
22739
17513
97742
82625
13194
12861
83680
11045
34393
22122
77881
86290
44809
69593
43769
70540
72495
44208
26092
60887
95939
52642
79627
81248
68078
48967
45179
17593
29632
12810
51427
71912
72120
14294
96520
22603
49730
36639
42299
54725
35320
89636
36184
79957
38670
58363
65178
40122
81006
82641
58568
76439
58502
27133
30472
58825
70949
11706
47126
34045
11272
21111
36181
68958
50415
84487
78911
79442
53612
35963
35496
73217
17866
23357
74590
26788
39352
66875
91257
32004
75920
97955
54440
52428
90802
84311
98466
54547
19527
16156
20133
41604
51738
12300
78543
55275
35254
64016
44558
41436
40011
65851
27551
29711
68040
18927
62709
46568
56990
48047
58121
84674
54712
11444
46278
73295
59002
37526
40948
85851
26881
68337
77162
32404
61204
18531
43685
81519
33167
79421
97600
80853
19094
44430
68823
47901
53750
18886
95704
51777
76943
82330
20013
11776
60616
58097
45715
82972
62066
64974
93704
88276
59316
39461
33267
34530
12538
17789
50093
78405
70414
42073
43601
33062
93808
76474
48145
48387
24498
30708
72730
51988
68033
87243
75979
28136
74621
96803
17556
52224
66792
27038
81025
48370
24662
46482
12066
63097
41295
14067
55399
15103
65724
98187
50812
41653
67745
30448
76954
54970
77746
69106
76292
99692
88114
68116
21379
25275
67925
71223
39791
26063
57796
33353
42942
28771
81838
10785
26726
37240
14985
56976
37301
92915
27940
30228
30428
11547
72063
49322
85166
11538
99007
13630
12656
43075
97850
27937
50058
39576
61066
78059
64301
46868
81525
14980
75636
25981
66063
20233
48744
58373
66052
79153
58377
65039
95267
87957
42800
43555
55803
93263
20845
41221
97478
99152
19121
12881
83543
39787
86727
97206
73461
34269
88675
61930
93743
36019
96569
26742
81997
45682
19345
53561
72895
15327
17002
11024
63222
88571
23709
15200
14473
77569
77525
10450
56756
11147
13439
68040
17562
40008
12647
68120
74151
37186
87875
60635
46640
22362
41469
19869
63383
34757
28169
33774
85655
50270
51907
27514
27916
88181
97936
74286
58753
43629
42232
70453
93119
24816
20744
23089
99865
16655
52052
28379
85786
47752
23081
36872
11941
51564
82454
54941
44580
41211
15779
79195
74387
16679
79158
54913
93625
82167
91434
53528
72542
74735
20358
83175
26179
97988
89440
92415
97986
25274
21191
66101
20809
22020
89347
54620
87921
29448
88473
55093
27043
62309
42398
37945
20398
94949
95957
32004
10882
52448
82890
74022
31132
87058
12150
98693
33466
85286
44178
89774
50817
42010
35531
50973
17197
94624
33471
39491
86553
52602
68525
38500
50383
81843
99338
97478
43671
21944
65586
58778
88010
27789
72559
35084
25092
20692
73451
50883
54715
64347
40271
86162
83562
58034
88290
50946
18743
97841
37952
82225
48485
94384
29786
74614
60555
52396
85929
24158
77331
65446
66330
69836
89961
39129
29017
45709
65471
82501
85392
12355
48183
43954
16696
94517
65511
26882
64026
66667
96479
87137
84641
41907
13166
16972
11050
61956
84237
65952
32119
12498
32525
96035
79590
44018
67402
92964
67666
10883
54103
65162
85616
10577
25378
15476
53824
79600
79824
89002
18627
27293
52221
75012
32389
20577
24451
50768
85495
54291
83395
35009
90880
60827
27688
11996
18854
89978
66993
21605
86130
88529
54778
55604
31220
17104
71061
36588
22043
29461
98873
95691
39777
83489
77120
59360
88587
32372
47269
16570
69125
27542
22374
10682
26802
60430
58327
86633
97439
11503
14092
32415
92889
76193
47046
97667
34020
58595
62930
30430
32022
75475
20052
61696
69876
24112
54373
40070
58801
47700
42401
18271
91491
12739
89901
79074
53755
33900
15999
31175
18864
89846
38211
52698
51061
46660
43161
66376
37881
60627
77893
38964
31162
96982
12891
49683
88528
61695
85520
14432
41747
40728
78836
17253
30317
74903
41974
19946
70665
11854
79612
19210
99474
91188
52197
38171
55196
82621
98538
68564
37269
73177
36519
25729
97360
84187
65447
76209
68029
65225
84780
13977
81320
77472
46117
33030
25984
37344
73426
60705
29017
51926
87699
66076
54273
54595
69223
93409
22184
94152
76915
94164
40660
98549
67719
16682
96928
53165
97066
94283
82226
12652
79432
70302
61827
42628
79702
26274
47415
43076
93022
27429
44035
25000
71415
92406
59018
92932
61304
62143
86689
64672
88886
32953
32258
75412
54058
29355
38337
40281
18070
80868
65387
69708
75897
25483
42223
18855
18427
48727
19692
16707
36452
25100
95076
39765
67880
81626
99324
44643
95359
26884
46107
92494
13109
37247
46165
38890
18073
51247
79843
15545
85719
91933
11302
35419
19060
61789
59587
51980
86173
37587
89963
66756
56575
43178
76493
23373
90067
71342
72952
37239
64258
81260
34000
41081
20484
98774
61730
13885
75952
55700
34795
25225
36995
54911
42222
23050
65683
67319
15032
20300
26967
34007
77453
23679
37831
45252
70751
67234
27162
25747
80612
24895
30244
98600
89336
10593
99649
76921
53656
15249
56458
71084
36969
58893
93175
30597
12216
87798
16990
60639
71147
57265
19326
95070
22768
28022
36729
75575
65333
29632
51738
47805
33663
93926
33452
88343
75558
33515
27797
90213
42251
61062
16109
91935
42411
91758
92689
23673
47041
38932
44830
46289
99908
18774
63502
52150
32462
48011
30628
56327
27569
32768
27415
85239
93113
69117
24199
14400
78582
45374
66058
10141
14179
55439
94901
34297
77705
97033
70140
90170
85390
44399
85180
72750
90954
68862
28202
74444
27840
56366
61682
47469
20608
49117
44372
56450
90825
46209
98379
71899
58311
42206
30220
46664
29371
32765
19112
62653
97493
68405
45042
52227
48910
40610
27933
96324
26022
64463
28947
96505
49941
89738
25814
47794
88688
22954
51173
86322
98722
41519
92946
30271
35936
53123
51860
84590
23942
24454
69210
48245
17283
40445
20456
19380
17219
37701
21481
29900
82800
71774
17597
67032
22627
24951
37210
18553
70761
84726
15977
77284
38858
30409
50227
52831
91303
91422
83815
15650
63440
10500
91334
76520
43930
24052
38931
53659
74987
31759
85140
16606
98982
29583
23951
85213
94585
74302
61793
90240
54674
54687
78627
87952
48588
30436
41212
59084
31088
20451
16150
81800
36938
76624
83285
55486
82836
69904
34899
10530
36704
25233
88202
58982
39227
14701
31451
74174
29226
90198
67415
23400
38201
52802
61891
21329
73600
79023
93739
51683
90497
85726
85820
13977
32580
76836
76872
36290
65694
80908
63694
48646
43593
48395
37880
71165
15801
64624
82636
73054
80341
15552
53422
33167
80170
59642
61141
22254
36008
99960
57605
11018
19700
16934
93896
17635
67407
96753
55535
77018
11098
28514
55541
58144
34905
94101
43110
40793
24411
96534
22505
65905
43712
19213
55661
69157
31437
30055
97346
45894
27790
84860
86956
42013
32833
82508
44854
20790
92913
61261
23562
64503
90882
76824
49204
16787
16478
78755
45121
40863
53942
87396
32787
86800
38622
37309
32239
38083
99384
17827
58961
47972
86883
81458
15048
78033
14018
74749
57797
17819
66232
36338
33807
94998
89904
27953
59282
69881
18572
87276
25568
96458
15751
11185
73432
60559
53334
65770
44193
20092
77891
58203
95917
31003
42650
50532
95677
72428
67372
44763
72948
42959
18478
57625
18046
95675
83071
81403
95949
51263
74216
35626
84533
35142
39091
18975
16988
42659
51541
14023
15742
46888
69274
95831
89628
57073
25320
27124
58449
15466
81890
15706
62035
32072
77348
37465
98814
97920
58676
31857
52623
51784
41834
36100
85022
51072
70020
17742
27180
25502
21458
22322
48404
89635
22695
12502
41953
41822
63161
61866
73828
32166
80793
14795
97359
60466
62569
36178
67577
92459
26666
63664
20916
29503
75859
76360
51215
87749
26529
94730
24078
92466
87161
96827
71768
45169
90966
19028
93170
46558
36662
78056
60911
50096
79200
49184
71010
30253
79864
89419
50786
30911
17622
93663
46292
23846
32032
81696
53606
64494
40373
35335
33244
18307
79699
64397
80396
84177
36596
67722
46377
72848
62266
90180
72921
71113
19225
10775
66201
50335
89877
14688
89350
54180
98564
34043
47283
96649
71708
67420
23531
42505
43581
52708
74983
79539
79385
82405
74839
86847
79950
57279
26421
87596
47893
72939
56425
94628
95610
88456
17874
83875
99247
50679
97769
21000
27220
13950
23638
18530
79244
10296
55942
62343
47936
96166
38304
15837
44027
71649
86691
35427
34029
18339
10913
53779
63881
97956
78120
90690
60320
93795
48426
38058
27876
88625
34532
67376
70781
15125
47388
93517
85033
32269
77383
25191
94743
30488
91805
84707
50249
40236
78944
89972
11692
71640
68139
71629
81875
46493
17348
85678
40832
93515
10950
33487
85584
21708
70132
61274
92564
75920
95966
69558
38132
21859
89479
91083
19682
42506
44540
68094
16047
79898
68049
38226
18764
99133
33618
91999
63852
18074
25692
71866
15055
67363
91338
50285
71816
50092
11769
21770
35841
71122
53648
72506
29302
67473
22714
11381
89118
95209
77258
76494
32392
95464
79863
78095
69572
51615
48027
76325
10028
33463
29415
13951
64961
28290
17962
13614
62618
39769
79672
79974
67303
41642
88262
38640
49005
88503
78596
71961
22566
31044
29991
63851
98414
34325
67830
52842
36056
60196
10644
17766
85128
20154
68890
86289
73047
27557
13258
12156
47020
71590
30206
21828
49784
62681
39376
11695
22427
77219
84241
85837
18775
13579
43323
17533
43172
67267
65232
25951
76369
58050
10934
31278
39625
81117
13035
47404
89377
34661
40435
69593
89222
29225
98143
34735
21459
47640
26277
34891
15923
23625
69318
79860
57491
97388
40872
21190
49062
79004
27198
52660
80463
67808
11753
42293
46121
75368
20700
64165
35021
65085
39550
28798
31294
35767
66769
15535
52430
92305
30655
73240
73688
51468
85738
18200
22221
37598
99368
95086
95092
16804
85914
30768
51222
56137
86991
71528
43103
76523
97101
75834
65119
43388
67079
33135
47402
90191
43717
56023
79416
34400
32521
50458
12958
62981
44470
75582
68480
83191
50756
38405
99975
79248
83192
81976
99394
37206
12473
18595
79895
60662
48430
25603
91606
43494
71162
66957
26377
46958
57794
64738
42125
40047
58035
32387
58716
15212
17419
44886
64859
32331
30467
58607
57995
79253
37479
10824
38228
29095
60569
63425
82682
87773
44942
75397
52591
47250
13405
61877
36942
70024
26152
17749
54739
87994
98369
81761
60719
56074
82831
97996
39214
39630
98855
95842
60130
95197
15070
31777
12803
25865
97582
50492
32234
48334
38580
95672
52999
51858
31816
18554
64915
11913
84479
40719
42556
53884
79063
96199
94603
14734
88059
27817
93375
91909
14273
86682
90097
90160
67315
23804
88290
51204
19427
40510
92479
78365
18260
39357
64647
58874
71393
77427
72476
54613
32236
50124
79287
19595
98703
67118
85917
16217
54174
14450
68157
64027
71500
63483
70123
79849
93917
20332
69856
74538
84888
32628
69914
46625
62363
64820
22856
17324
45769
91941
19382
97450
92403
31838
83571
54194
93790
45412
12033
94447
38800
53203
77889
42905
84692
84214
94318
41688
91915
23352
83766
98484
36826
56522
20018
31305
36201
65025
35205
88117
32051
93196
88917
65328
70909
47471
47053
55805
50596
12852
78983
11769
15013
19809
58278
49855
73455
12201
37961
57024
84086
56725
12621
46978
25294
41081
51211
90393
73629
83424
64313
91765
60972
12334
58983
52779
99666
61688
72758
46639
87283
66661
11267
30905
64587
57131
54270
35198
47734
11590
73176
93210
75347
25739
42253
21565
31681
76993
77879
72402
48633
14241
19722
98680
31091
46008
13732
85173
53739
50935
64028
75876
79710
71409
55376
87946
56329
92966
85204
53371
66000
40400
54575
92226
23761
51619
58476
23877
97347
91573
93934
86659
41518
79253
74683
38955
24931
34286
24461
91811
97283
36846
19001
67606
60103
71661
80658
54909
29244
85691
73411
12614
21205
45277
66406
40441
76891
64875
94652
45388
24909
81969
51915
34897
68681
35059
55423
75511
25381
29835
79457
83377
74261
87767
95785
99377
62855
31732
65507
58367
25371
27026
93037
29371
59846
49273
89811
10188
38634
37720
95579
22636
43903
66807
74766
33902
23757
65281
64345
34229
98892
41197
30786
68322
93641
90146
64635
59505
49428
87414
24621
42919
85249
65492
68155
47801
72611
58352
59955
17792
51834
49774
13545
35455
76371
34732
66134
17754
81810
94223
63564
33315
89979
32694
53017
92587
38135
32136
98665
83816
23490
26855
35136
59964
17655
32822
31926
13397
31761
81791
49354
73621
17431
89346
65736
46351
15778
94941
72435
64261
24530
51474
11175
39933
72867
83015
76474
58243
46597
37647
88118
78264
77166
25170
66632
76106
59739
30278
21291
99440
72695
39681
99198
18738
85024
10267
96644
32496
16232
75753
90730
72947
82051
73830
92429
30957
42114
30338
67495
24711
72246
67012
43698
24726
42624
30775
40073
72753
45022
85835
12819
88425
43473
91772
67547
94439
58921
40520
53145
28651
26021
81853
25389
99770
86739
73564
50809
51283
51921
73591
82126
54688
96357
83167
87546
87724
50754
93452
72178
31025
75976
96651
86563
23813
53800
26415
56720
24856
15459
81038
67820
15942
17530
95536
40572
60776
66973
97198
55457
82816
34339
80059
10777
69818
62390
93816
34146
12964
14560
69535
64060
46724
77336
37556
32462
20986
96724
74470
58006
96084
13319
92260
64991
10290
21024
70445
54010
60144
51193
77756
50717
92294
15996
40406
81770
60030
11996
29894
88956
13407
78369
91408
90697
87842
94440
76436
74946
99512
41476
73535
62578
80511
27498
64056
71620
68244
51014
66315
11371
10755
84789
10442
37450
51753
87632
58651
19740
52242
92496
33670
60466
64597
87345
39711
64946
64122
82992
69757
10949
71418
41954
58786
23310
71371
71397
18886
95149
33074
59053
71669
53762
26234
19590
47615
63188
27189
56309
16936
73670
58208
71449
41611
37688
66576
42169
45652
56902
37897
15922
13131
21916
35937
57549
32370
27842
38244
73776
77559
99790
54240
85603
14538
42819
16184
51318
34754
80064
55161
67301
54149
87862
98466
15623
95507
22318
46131
89563
85329
58901
27510
31525
24313
26525
83997
23466
94313
97842
88458
64080
69033
93171
40869
40302
84474
54582
40664
96749
93847
22722
71347
38194
97113
66014
56515
53179
35528
93470
85152
14954
52665
20648
95826
97819
75226
37636
88580
35045
99926
41471
50863
65711
87368
95134
10150
19935
35556
71253
12974
15169
96470
52404
43925
54395
57874
34814
27391
80417
97506
35408
37526
19297
98993
34899
58590
60722
61858
37026
98529
11136
84613
26382
58317
68635
83621
77302
51383
89572
50704
12073
75866
28232
57039
64416
78919
74838
50901
83373
93099
12913
77286
50481
32435
74066
29735
45664
42819
66665
59632
88762
24023
31564
53323
50356
78712
64671
63162
18293
23180
35466
39737
89713
30756
59887
42240
37646
94491
54976
32354
98799
83634
46112
78212
93041
63104
89940
33073
80333
15060
68107
83603
76099
26879
87701
18316
10520
59389
42766
37767
33766
70484
42902
69949
65215
75203
49892
35921
78609
18718
28418
27745
18139
65239
17087
57686
16161
70825
75879
51524
58373
41923
80279
66719
96053
92370
90012
28942
84549
48093
82401
83656
91226
80244
52089
22348
73242
41863
58748
48652
75720
14772
73166
75024
36438
30191
56004
34808
35618
88304
10437
25775
87800
16157
56454
33003
73354
78015
53780
16947
46942
57822
64847
53864
41633
60890
83894
25487
73935
24966
15705
31592
83381
11654
12130
13618
64124
21709
30831
84102
51285
52253
63741
20043
22215
92172
39066
36623
30137
75228
51256
77025
84689
45020
16747
49689
37009
31253
99836
88734
82763
93546
45613
93138
45565
56284
41887
90333
99895
77600
33285
47597
83011
30525
71455
55938
42999
29860
53580
26927
75609
30476
86739
68517
22176
83439
75224
48062
52059
99195
12915
37770
23865
39539
90746
66932
59331
17750
79751
91378
34001
11758
36903
66401
60484
51978
70693
49103
50232
16315
70251
98965
12276
18114
49757
96722
67845
87991
71041
79475
87960
43527
83461
76083
79468
66346
72337
70692
76331
31406
24642
21780
39801
87526
11137
95785
38903
72025
24230
29233
22410
61161
96735
98652
99640
74464
24828
17415
50505
74142
16223
23503
93733
20537
39174
36393
91296
74701
52597
85646
86582
55003
39154
56037
48018
55045
27347
27246
33064
42196
40111
72406
73241
15140
14983
36735
90751
28711
22434
53137
72693
17068
72882
96453
80559
32412
66380
91871
59360
68230
63172
48782
55849
22150
27148
97681
29295
70550
45353
83218
26881
67190
36152
28220
82336
36453
49469
14900
45269
32702
85321
54221
36736
36392
24530
49950
92783
59983
69044
38774
37041
82692
37277
33197
93001
39754
76045
94632
35236
92567
28369
84918
14199
38417
34398
86432
20958
85833
60746
94509
35359
69533
67521
37636
36626
35515
59011
97446
85208
99914
89945
53752
74462
43645
66094
31945
51888
92233
12340
43302
26651
71931
47723
60652
70602
23271
31785
64187
56890
51620
52810
26379
50896
87399
84074
58136
83015
34917
57149
43721
35625
72139
16528
52814
26094
12423
23490
86101
35428
16676
99043
43478
99211
23417
28205
75190
53494
63084
86203
70702
54880
86278
95590
54598
55194
46219
45727
93657
35898
30192
59385
10940
29575
80125
80731
96664
83165
47958
34217
58762
12746
58228
66919
14251
62117
82928
75066
85237
89075
61588
87567
26530
45477
24486
80731
99417
36749
97640
29490
85695
15059
28439
91374
39431
15181
77838
61728
22844
97386
75113
39302
25757
92241
50188
56364
17009
51163
90159
95086
44221
61909
38892
26832
55130
82412
66396
77206
70860
90884
41558
43094
19220
12967
60259
33888
21171
77036
84706
15124
73981
30960
21077
33406
62460
55224
60584
71461
50017
73091
86304
53520
47036
59241
42838
28484
29346
26585
62884
46250
70460
12452
99121
98743
90877
51609
98806
71696
60241
45912
39699
42184
84892
38675
31359
43505
77499
12251
18458
26227
25564
72625
11739
44130
49622
13491
19269
77940
30461
46953
40240
29753
33637
15094
34993
91624
49881
16690
76026
64434
94317
79023
19452
98764
43611
56055
75504
31124
33912
97466
61533
35700
51159
52794
72230
44954
58385
69797
24629
86425
90051
22911
66807
77484
51187
99457
63073
23226
33944
86590
35958
20485
21379
31956
84295
94542
57175
64920
37736
23474
80810
64095
57491
52745
38533
57433
51577
42250
41074
36672
82391
61086
31838
19746
55891
15983
92884
98429
26155
35343
58843
63952
43666
81437
50519
30112
82829
84143
24253
48435
95545
24420
94619
93019
75012
14295
82335
58475
94440
39200
34323
62639
19206
71296
42812
35876
88742
95938
39742
28994
51757
98482
62618
99697
96637
60954
99993
47654
79510
44137
36206
79243
91145
76310
46531
27469
49158
56914
32473
37777
11893
79670
80639
67826
82009
95924
28844
52655
46654
28676
63054
40942
44705
90451
54738
11270
58556
45186
70012
16723
40113
86035
65925
29238
95992
51106
87531
51243
25079
15123
28939
63491
83363
56834
55037
12624
98504
54586
56203
45712
49518
12055
95343
48135
20131
82044
39078
14625
25298
95482
64867
29374
16259
10986
88712
70753
56231
15944
62626
34138
14391
31042
15979
24359
31912
78713
77826
75750
76173
31950
36985
74750
41649
46609
29725
25097
19743
49988
57631
48300
41383
78091
19017
65312
34618
79232
70943
60746
73349
47379
49184
26665
24967
58231
36554
26141
81723
99106
36449
52294
72485
20883
20190
22554
80351
67460
56114
41546
57868
32578
59549
17092
68233
68973
27695
88037
14872
59073
35239
83437
35818
37236
41439
65523
45056
26805
30098
49177
10312
47860
23057
25602
89699
83057
23946
51786
47701
54859
68537
10651
59432
50379
89407
68258
53603
40059
70331
49031
68353
47324
57068
26601
27284
24685
30087
94098
52946
61034
71623
83463
24081
24605
59011
88241
77092
25909
66895
88669
25755
52338
61123
76440
68940
26604
32151
19352
18736
25844
85022
56108
65198
38250
27074
28933
88727
96417
31576
65597
45647
59202
23242
79768
94160
19117
42796
11159
41006
73981
42844
84360
83248
44524
20641
13961
43384
20305
68861
69407
94176
18848
84170
19597
60138
23750
64204
49925
35701
82066
50695
70287
85938
92516
50011
50883
19234
68770
73956
69892
41929
38207
17576
31404
79235
48293
32905
37750
89391
22103
41495
37119
10536
27021
96215
53178
90537
40439
55147
45731
87832
24237
31917
66441
15103
79234
26826
43419
71544
24304
92457
25313
59915
56673
42886
63930
83532
38779
67289
13973
35064
40094
90235
27473
70319
62997
68894
69136
82849
70389
17634
44850
52586
96872
70415
90862
18467
41053
13067
91053
82085
85038
88580
32598
55176
89247
64106
71122
25350
77293
66447
61755
55148
43957
92424
41470
91080
21404
31832
34725
56760
51951
58364
52746
81042
72135
39126
75117
40802
90037
99754
27624
65312
56682
50103
65229
83766
70790
88085
22742
93914
27126
87590
55507
20901
63699
81380
52398
24260
97521
56967
33058
86941
33901
17884
26524
75748
14320
53381
50125
18011
42622
12865
29329
22387
52636
37375
87348
37635
35031
22788
23705
12262
63135
47048
20618
40452
96101
15181
90270
72010
39722
57519
66536
55844
83378
13816
85986
35350
51956
85149
58834
98578
76294
66026
93975
76614
70619
71425
57965
45331
17447
86992
20472
69063
40303
67725
31469
19271
72451
93481
31091
78284
89918
95295
52164
78426
45543
56708
32051
66859
16596
30220
82359
71043
49867
64814
72080
10260
60037
93775
76534
58263
65184
95194
87132
13392
64793
57407
44851
76854
27960
98483
52232
32020
48121
42849
94799
11506
98994
27874
36156
66023
87323
61943
65445
45995
50654
93130
44879
67792
97257
92932
49983
54057
34729
60061
65182
37253
41368
58132
59193
22055
78243
90876
91278
77296
10921
31157
63867
33848
77994
27119
84574
84459
95062
36171
54066
63666
51484
11218
35277
78322
58029
97702
36339
63736
81124
27695
14527
27007
56249
55201
54243
47651
46132
58730
78526
57985
62872
61186
71241
81326
40754
58798
56864
79040
74411
15762
20547
45483
13095
19954
28480
33040
79589
32015
21326
99113
38427
34630
75837
40670
90094
78884
97513
82524
22252
45611
83551
15816
53193
78393
60705
46414
68735
35094
12864
40376
80935
17812
26507
18185
33976
99890
70795
73861
42996
25039
79439
72082
51990
24842
43793
43163
84943
35852
94192
91407
11237
51465
81445
36449
22296
80557
64044
94366
24454
88585
67615
16753
82251
44642
64172
58216
64816
32637
12971
49289
94597
35867
11837
15274
42432
25896
12810
23329
74363
12966
30005
31687
68309
24233
81366
72813
31219
67084
35337
18417
37236
48947
73813
89954
70642
83755
18123
26068
59129
79541
57108
26600
97095
55905
59381
84107
29268
45106
69027
24683
71120
32398
89768
94083
60518
66400
23935
21790
25813
40006
42258
74892
48966
51916
16984
24360
68293
69275
94483
40188
14775
13632
79776
62596
28125
68040
75055
45833
38644
93266
52741
20199
52182
30563
80823
36402
59436
82842
69945
66208
62298
29499
29091
60448
28732
45610
96078
87396
87103
98810
56498
98968
33997
51133
12484
12362
83189
52965
62928
67458
67864
66867
25983
93561
95909
15628
96113
68304
18387
99685
20429
12060
60729
49013
49640
82450
18891
97902
91656
16237
55002
10808
95919
41069
33123
36603
85931
99387
65694
67044
18851
73816
87799
60381
36519
49915
68548
35060
41780
64867
51960
13534
85410
29581
40288
49540
59016
76825
92009
68748
75003
21346
26531
18639
86767
44403
20395
78325
24688
68765
60154
96826
65713
93292
42692
59408
35791
19863
47396
18156
60259
76211
53013
87151
77198
81352
91714
80053
98206
99639
78199
57172
95758
47437
18535
82880
56502
24838
14597
66680
84248
96658
46324
84772
73056
44347
67903
89222
82156
35868
34773
14393
44614
43700
67708
77731
78626
65030
51879
87500
46072
81658
73790
91908
10990
49674
57832
29742
60298
82460
42443
47044
13213
14025
36931
48754
57181
57702
41785
78473
35626
68579
69813
46331
51516
41159
13526
31411
74925
90224
25331
44594
51010
73615
81650
78702
87300
88917
40452
89290
19519
50344
71918
28421
59835
49425
53839
33798
54894
32994
22254
88233
10311
91854
80734
46383
40792
36640
63027
77476
62234
43710
61413
51302
73652
55227
57446
49654
33563
38913
70739
98550
63123
38116
36534
82231
30879
57807
79773
68189
24324
94774
50979
60932
25369
37283
83644
22337
29827
33887
44434
38615
90500
10523
86164
92879
57670
66199
98686
42805
31204
96321
89345
80120
15239
59550
45315
25696
34859
59814
69291
77183
24906
82774
76431
36915
99834
85072
61141
62425
69391
89445
73696
28117
61019
87787
47079
20555
83994
83903
85031
10035
40670
81132
65616
25601
64113
71492
11527
44597
16537
52991
44541
42572
64807
94181
50351
53313
80239
29438
79816
76080
56586
22283
12916
91998
14436
25871
34537
90162
57315
56038
55034
67100
92663
34620
34598
99348
62652
91977
22361
12325
26827
49404
70250
89668
79847
99130
27382
55332
91730
62032
99680
47846
42878
36658
55115
89971
45661
44392
26025
88501
48959
48773
51615
23198
67847
71051
17294
88756
69973
59242
97639
18833
56956
39155
49617
32646
64103
75574
53231
92505
37864
97112
53827
72641
63078
52211
30557
72903
31894
54209
50592
31056
25863
64495
15564
90942
68797
68601
64247
16377
80768
70415
87367
60426
90916
32722
16889
70944
66102
28009
64304
27993
70529
10426
27922
69727
76630
51799
20963
39092
89617
40569
34892
24031
24057
95210
42934
79355
34552
99790
90475
66615
97532
57208
99134
61061
35044
36478
45476
55356
44033
70256
10490
65365
36575
23911
12100
79305
29236
71273
18690
25798
32994
67054
53138
37683
77267
55041
49401
89368
54465
47007
85967
42102
85677
61791
69276
72113
50724
46865
59182
33229
68295
46122
75706
60628
58155
50711
99160
93469
73686
25545
21627
20080
37706
26481
72916
55729
44753
70313
86478
96615
94665
32665
83033
54516
52692
25110
18388
28752
73063
47192
71833
60173
46646
64542
57644
79157
95902
78762
50072
84553
54782
71910
12310
75252
54970
79220
65687
21392
94190
49822
52542
32564
88713
26852
92549
98502
31750
29690
57769
67948
23566
70371
35878
62014
45822
13044
39389
13489
86096
42247
12084
84113
20659
77068
54253
39574
59868
73544
88356
84586
54152
24004
21422
29812
97998
65695
19000
17871
64978
64336
43972
21343
86125
11613
15704
52391
46518
95166
88061
18854
43966
83091
76777
39065
39812
84890
29281
77114
38250
75781
67472
48247
55654
90616
72810
46822
98984
92076
51670
23383
90306
88134
63659
53066
47286
82416
70359
72659
34587
87749
10516
11937
18266
99271
88096
85314
50146
85363
62911
89136
36866
65519
58595
47638
91618
42413
87632
52955
37639
93322
82241
34584
72195
34155
28528
33133
38057
94128
25832
28993
93118
38715
41475
16954
29124
42356
66905
29658
88402
20960
96693
43155
32147
33001
76846
81969
20968
48099
98744
20707
49827
54333
58053
19009
90935
16728
12897
87360
30434
97085
47431
58938
94527
35725
99433
44136
21085
27990
73217
76001
13852
64458
13444
95415
47235
49920
60540
71680
85319
95980
52280
84642
95531
55676
16424
14181
37723
19740
15829
66828
95154
78128
37342
49235
90789
82567
64621
64709
34682
61438
65980
28276
54500
50701
47540
39752
68656
73981
36661
25833
28301
61274
62805
33359
80656
46436
90287
29832
66587
45500
37656
27037
55202
82161
28546
42032
24392
53016
86953
49414
53795
49672
56561
26799
15131
86921
41642
15524
56890
44748
29955
85703
19453
59665
14123
64661
74261
82369
74722
41520
85646
53589
58821
95074
97591
72293
27577
33397
59802
33790
46744
90107
31262
76448
57005
92174
57540
39444
37358
22633
72949
92332
63984
17681
77640
90787
67210
88518
13085
21136
60221
70236
67465
80857
93392
21991
48470
58915
34349
18514
95115
23768
78946
41368
16972
90626
33075
74952
51305
85975
81690
78479
99555
49291
32449
65251
59639
45533
82353
36370
12396
58042
37819
55730
40343
23368
29313
81603
56229
62045
22328
67043
48468
44766
70651
93400
23755
24993
54274
18861
75123
24578
45644
35900
99334
27300
20722
31928
35167
90100
91106
93148
32843
35521
83785
53325
14759
52118
33373
54288
44392
23645
78407
85604
37615
73234
52194
67111
52443
66161
24421
47207
33623
50632
22282
