98 inserted
98
53 does not exist
98
37 not found
0 inserted
38 inserted
0
38 0 98
98
2 inserted
24 does not exist
46 does not exist
0 2 38 98
62 inserted
74 inserted
28 inserted
98 0 38 2 28 62 74
98
58 inserted
50 does not exist
98 0 38 2 28 62 58 74
98
76 inserted
60 does not exist
87 inserted
98 0 38 2 28 62 58 74 76 87
96 does not exist
0 2 28 38 58 62 74 76 87 98
75 does not exist
0 2 28 38 58 62 74 76 87 98
46 inserted
92 inserted
11 not found
43 inserted
14 does not exist
2 found
0
10 does not exist
57 inserted
53 does not exist
35 not found
60 does not exist
1 does not exist
3 inserted
0
0 2 3 28 38 43 46 57 58 62 74 76 87 92 98
25 inserted
96 inserted
25 3 28 2 43 57 46 58 96 92 87 76 74 62 38 0 98
0
69 inserted
85 inserted
0
0 2 3 25 28 38 43 46 57 58 62 69 74 76 85 87 92 96 98
32 inserted
23 inserted
79 does not exist
5 inserted
24 inserted
45 inserted
34 inserted
68 inserted
66 inserted
98 0 38 2 28 3 25 23 5 24 32 34 62 58 46 43 45 57 74 69 68 66 76 87 85 92 96
39 does not exist
65 inserted
71 inserted
97 inserted
21 inserted
0
20 inserted
98 0 38 2 28 3 25 23 5 21 20 24 32 34 62 58 46 43 45 57 74 69 68 66 65 71 76 87 85 92 96 97
98 0 38 2 28 3 25 23 5 21 20 24 32 34 62 58 46 43 45 57 74 69 68 66 65 71 76 87 85 92 96 97
88 does not exist
0 2 3 5 20 21 23 24 25 28 32 34 38 43 45 46 57 58 62 65 66 68 69 71 74 76 85 87 92 96 97 98
20 21 5 24 23 25 3 34 32 28 2 45 43 57 46 58 65 66 68 71 69 85 97 96 92 87 76 74 62 38 0 98
0
0
94 inserted
80 inserted
16 does not exist
98 0 38 2 28 3 25 23 5 21 20 24 32 34 62 58 46 43 45 57 74 69 68 66 65 71 76 87 85 80 92 96 94 97
0
98
46 found
42 inserted
83 does not exist
6 does not exist
98 0 38 2 28 3 25 23 5 21 20 24 32 34 62 58 46 43 42 45 57 74 69 68 66 65 71 76 87 85 80 92 96 94 97
98
20 21 5 24 23 25 3 34 32 28 2 42 45 43 57 46 58 65 66 68 71 69 80 85 94 97 96 92 87 76 74 62 38 0 98
20 21 5 24 23 25 3 34 32 28 2 42 45 43 57 46 58 65 66 68 71 69 80 85 94 97 96 92 87 76 74 62 38 0 98
0
83 does not exist
0 2 3 5 20 21 23 24 25 28 32 34 38 42 43 45 46 57 58 62 65 66 68 69 71 74 76 80 85 87 92 94 96 97 98
0
73 inserted
97
20 21 5 24 23 25 3 34 32 28 2 42 45 43 57 46 58 65 66 68 73 71 69 80 85 94 97 96 92 87 76 74 62 38 0 98
0
0 2 3 5 20 21 23 24 25 28 32 34 38 42 43 45 46 57 58 62 65 66 68 69 71 73 74 76 80 85 87 92 94 96 97 98
0 2 3 5 20 21 23 24 25 28 32 34 38 42 43 45 46 57 58 62 65 66 68 69 71 73 74 76 80 85 87 92 94 96 97 98
64 inserted
98 0 38 2 28 3 25 23 5 21 20 24 32 34 62 58 46 43 42 45 57 74 69 68 66 65 64 71 73 76 87 85 80 92 96 94 97
98 0 38 2 28 3 25 23 5 21 20 24 32 34 62 58 46 43 42 45 57 74 69 68 66 65 64 71 73 76 87 85 80 92 96 94 97
98
54 inserted
0
55 inserted
15 does not exist
44 inserted
84 inserted
33 not found
78 inserted
89 inserted
10 does not exist
88 inserted
98
98 0 38 2 28 3 25 23 5 21 20 24 32 34 62 58 46 43 42 45 44 57 54 55 74 69 68 66 65 64 71 73 76 87 85 80 78 84 92 89 88 96 94 97
98 0 38 2 28 3 25 23 5 21 20 24 32 34 62 58 46 43 42 45 44 57 54 55 74 69 68 66 65 64 71 73 76 87 85 80 78 84 92 89 88 96 94 97
15 inserted
91 does not exist
0
25
37 inserted
81 inserted
0
0
0 2 3 5 15 20 21 23 24 25 28 32 34 37 38 42 43 44 45 46 54 55 57 58 62 64 65 66 68 69 71 73 74 76 78 80 81 84 85 87 88 89 92 94 96 97 98
8 inserted
0
32 found
98 0 38 2 28 3 25 23 5 21 20 15 8 24 32 34 37 62 58 46 43 42 45 44 57 54 55 74 69 68 66 65 64 71 73 76 87 85 80 78 84 81 92 89 88 96 94 97
0
0
64
26 inserted
4 inserted
98 0 38 2 28 3 25 23 5 4 21 20 15 8 24 26 32 34 37 62 58 46 43 42 45 44 57 54 55 74 69 68 66 65 64 71 73 76 87 85 80 78 84 81 92 89 88 96 94 97
0 2 3 4 5 8 15 20 21 23 24 25 26 28 32 34 37 38 42 43 44 45 46 54 55 57 58 62 64 65 66 68 69 71 73 74 76 78 80 81 84 85 87 88 89 92 94 96 97 98
0
16 inserted
53 inserted
0 2 3 4 5 8 15 16 20 21 23 24 25 26 28 32 34 37 38 42 43 44 45 46 53 54 55 57 58 62 64 65 66 68 69 71 73 74 76 78 80 81 84 85 87 88 89 92 94 96 97 98
0
40 inserted
41 inserted
4 8 16 15 20 21 5 24 23 26 25 3 37 34 32 28 2 41 40 42 44 45 43 53 55 54 57 46 58 64 65 66 68 73 71 69 78 81 84 80 85 88 89 94 97 96 92 87 76 74 62 38 0 98
18 inserted
98
