0
1
3
5
6
7
10
11
12
13
14
15
16
18
19
20
22
23
25
27
28
29
30
31
32
33
34
35
36
37
40
42
47
48
50
51
52
55
60
63
64
65
66
67
69
70
72
73
74
77
78
79
80
82
87
88
91
94
97
98
100
101
102
103
104
105
106
108
111
113
116
117
120
122
124
125
126
129
130
132
133
137
139
141
142
147
148
149
150
151
152
154
159
161
162
163
164
165
167
168
169
170
171
173
175
177
178
179
180
182
183
184
185
187
191
193
196
197
199
200
204
205
206
207
208
209
210
212
213
214
215
216
217
219
222
226
227
228
229
230
231
233
237
238
239
240
241
242
243
249
255
256
261
262
264
265
267
269
270
274
278
279
280
281
283
284
290
295
296
297
298
299
301
302
303
305
306
308
311
313
315
316
318
322
324
325
326
327
331
332
335
336
339
340
341
343
345
349
350
352
353
355
361
364
366
367
370
371
374
375
376
378
379
381
382
385
387
389
390
395
397
398
402
408
409
410
412
414
418
420
423
424
428
434
435
437
439
440
442
443
444
445
446
450
452
453
456
457
460
461
462
463
464
466
470
472
473
474
475
476
478
479
482
484
485
486
487
490
491
493
496
498
500
502
503
505
508
509
510
512
513
514
516
517
518
520
521
522
524
526
527
528
530
532
533
534
541
542
546
547
548
553
558
560
562
563
564
565
566
567
569
573
574
575
576
577
580
582
584
587
588
590
591
596
597
598
600
603
604
605
606
607
608
610
615
619
620
621
622
623
624
626
630
631
633
635
636
638
641
644
645
647
648
649
652
654
656
658
660
663
665
668
670
673
675
676
677
680
682
683
684
685
688
689
691
694
698
699
703
704
705
707
708
709
711
716
717
720
721
724
726
727
728
729
732
733
734
735
736
737
738
740
741
743
744
746
747
748
749
750
754
755
756
758
760
761
763
768
770
771
772
774
775
776
777
780
784
786
787
788
789
790
793
794
795
797
798
799
800
803
804
805
806
808
809
811
815
819
820
821
822
823
825
826
827
828
829
831
834
835
837
838
840
842
843
847
848
850
851
852
854
855
856
857
858
859
861
862
863
865
866
873
876
877
878
884
888
889
890
893
894
895
896
897
901
902
903
904
906
907
909
912
918
919
920
922
923
926
928
929
930
932
933
934
936
937
938
939
942
944
947
949
950
951
953
954
955
956
957
960
961
962
965
966
967
969
970
971
976
979
980
983
984
987
988
993
994
995
997
998
1003
1004
1005
1006
1008
1009
1010
1011
1014
1016
1017
1018
1020
1021
1022
1023
1029
1031
1033
1034
1035
1036
1038
1040
1041
1042
1043
1049
1050
1051
1053
1054
1055
1060
1062
1063
1065
1066
1067
1070
1071
1073
1074
1075
1078
1079
1081
1083
1084
1085
1086
1088
1091
1093
1095
1096
1099
1100
1101
1102
1103
1104
1106
1107
1108
1112
1114
1115
1116
1118
1120
1121
1122
1123
1128
1129
1131
1132
1133
1135
1137
1138
1140
1142
1143
1144
1145
1149
1152
1153
1154
1157
1160
1162
1163
1164
1166
1167
1169
1170
1171
1172
1173
1174
1175
1176
1178
1182
1183
1185
1188
1189
1190
1191
1192
1194
1196
1202
1203
1205
1206
1212
1215
1217
1218
1219
1220
1221
1222
1225
1226
1228
1230
1232
1233
1236
1237
1240
1242
1211
118
1227
667
1076
882
867
426
515
525
334
686
1024
1119
545
489
447
1184
495
1147
363
879
405
538
342
637
1156
1058
429
511
236
192
613
260
392
1151
1056
643
718
650
1146
330
556
247
1048
592
1064
921
1216
657
816
1186
910
659
523
818
792
114
739
974
109
449
282
320
764
536
578
719
1204
480
964
220
203
140
451
393
959
599
812
93
224
84
1234
975
277
1229
579
110
696
1209
1214
438
499
963
121
24
666
131
71
1028
830
354
1109
286
985
383
905
672
1092
981
931
629
338
377
887
612
300
722
990
391
38
669
702
416
1213
1198
174
765
817
946
972
881
1098
886
399
653
664
506
537
871
585
252
86
618
551
883
263
76
697
1039
272
468
483
730
916
422
839
715
407
288
362
357
1001
425
846
801
54
1037
1197
53
123
814
188
68
662
400
258
430
41
421
767
271
924
369
319
695
952
1130
752
634
690
17
552
287
586
49
360
713
625
380
872
1134
1124
248
257
189
494
1187
1195
1080
693
941
602
359
779
601
285
992
186
640
471
958
333
455
127
234
627
346
1090
571
201
356
996
762
144
570
841
1087
609
394
314
593
160
1094
1139
874
107
583
317
45
135
1013
595
1235
59
351
465
898
1110
544
289
1165
310
44
535
39
448
309
221
433
554
671
832
415
406
21
678
769
321
368
589
89
194
632
1168
507
802
869
1148
156
540
488
1068
616
251
1047
46
1238
56
796
824
853
655
753
725
561
181
628
1026
679
1061
43
813
235
469
497
304
925
1113
1193
254
1161
880
344
783
646
157
1239
892
431
1082
968
459
62
307
1141
581
531
1208
83
501
1150
687
986
1111
989
1125
158
935
651
791
244
401
978
594
940
403
323
759
1210
714
550
1224
1200
477
1158
1177
328
700
329
153
844
95
347
337
1057
81
198
134
146
915
190
211
245
504
225
731
259
176
1044
75
782
870
757
681
745
273
1045
712
751
1059
1231
833
911
900
85
1127
692
1000
427
891
1002
914
417
991
807
781
899
778
250
785
276
1180
1097
973
723
145
611
1179
999
404
1052
92
441
253
742
701
155
172
195
1027
481
436
492
1199
836
773
232
945
908
419
396
458
1181
223
543
8
61
312
710
413
1046
555
849
1207
706
57
875
845
927
128
885
1201
1030
1072
917
275
202
358
294
868
2
1241
1007
388
166
292
4
26
642
1117
559
138
348
432
99
614
372
90
1089
1136
467
246
9
860
572
557
293
58
1126
661
1032
1077
115
136
373
1019
291
913
1105
266
943
268
1012
1015
384
143
1159
810
1069
674
411
549
1155
1025
539
218
977
1223
766
864
568
529
386
982
112
454
639
617
365
519
948
96
119
