8616
2791
3240
2252
9716
1637
1085
6236
1989
4882
1661
8973
3896
6733
6257
6215
5445
7672
8643
2811
5900
1875
7486
4946
8238
4072
7632
8043
1138
9946
2985
9150
3712
8208
1177
6414
5910
6833
4115
4793
3714
4901
8448
5948
8379
4839
2810
6185
1677
9586
4822
9242
7054
6951
5309
1835
7807
5918
9669
2024
2115
8148
5687
9273
9866
3663
1497
4753
9558
6106
4358
9397
3759
7960
3584
1403
1946
7416
4921
5552
9158
2053
4250
3540
5465
7368
4151
1782
9983
5561
1448
7331
9843
9019
4588
2212
2578
2997
3727
2941
5521
7603
2420
2959
6150
8126
8727
5203
2237
2143
4902
7866
7913
2319
2916
6957
2620
1541
5473
4642
2385
6447
4862
7228
7693
6103
9922
5220
3391
6984
9791
9541
1046
9641
5323
9284
6726
6233
8072
9782
2810
7727
3457
6982
2385
2943
2076
5182
8159
4350
6686
5966
7468
6671
1031
1914
4323
9314
4549
6140
6381
3615
3870
4332
6187
7272
8695
9596
9773
1951
8883
7139
3375
6219
2860
2178
7681
3208
7627
8036
2725
1569
3713
2417
6441
1884
5127
7981
1328
1888
8312
1331
7012
5046
2437
2371
5088
6370
6592
6791
2741
4591
5271
6740
9023
7931
3899
1373
9755
9402
7627
4107
1116
8518
9373
5033
3120
9731
8807
2710
2032
9329
1872
4025
7076
8090
9105
4748
1139
3898
5466
2087
8798
1371
7004
9158
5495
2194
6931
3449
3543
8717
2474
7588
9225
3009
3783
4447
9267
7496
4689
4148
8189
6533
6792
8707
5244
5423
8033
6566
1161
4744
5282
1060
2402
2504
6253
6526
1415
2553
7110
5687
2593
7060
6515
6291
6598
6432
8285
9869
2006
6053
3784
2271
5050
6959
5516
9720
7875
9797
9601
5385
3581
1026
2391
2802
2000
3615
5831
9040
5648
4528
5814
1299
9252
9395
9746
3042
6189
1777
2264
1763
7346
1560
5526
7305
1492
4435
4725
6311
2764
9581
1363
6253
3331
3428
7274
5895
6411
9544
1748
3323
8515
1258
9166
2177
7928
8064
8315
5309
7385
9184
3774
8119
6011
6527
4473
9936
5219
7527
1641
6868
7288
2679
5243
5674
1741
7126
3120
4286
7323
1813
7048
8360
6181
2360
2953
7448
6725
5470
5770
4534
1516
8863
3274
4524
1492
8481
2613
6982
3065
6103
2411
2042
5743
9406
3784
3307
9516
1771
4217
1997
3553
6170
3703
7200
7500
8247
1372
8709
2358
9643
9900
6059
7567
5072
7147
7892
4581
9839
2329
5687
4897
8283
2549
4451
4290
8607
5409
1521
5789
5479
6841
4687
6872
4866
3354
7035
2672
5022
3879
1004
1613
4575
1116
1236
9176
6765
4606
7839
6764
9337
8090
4381
7098
1038
9688
6758
1336
4177
6253
7126
6419
8007
1651
4652
3024
3267
4876
7493
7239
8486
8836
4531
4365
3110
2612
8686
1457
8170
1743
2676
5887
6952
5795
4203
8155
1513
8618
8688
4897
8226
3587
4335
1534
4793
6742
9471
8198
2498
4709
4359
6662
2011
1476
2497
1977
3863
7872
3077
9688
2921
3536
3041
8557
3456
6564
2752
1551
7702
4475
5193
1775
9727
6230
6772
2632
3384
6942
7397
6984
2596
9691
4792
3610
6007
8098
1602
7467
2566
8039
8702
1145
3391
2669
1828
1467
4457
6418
7171
2472
7024
2590
4978
7423
9181
5641
4206
3117
9247
2872
8936
8146
9737
1090
7422
9336
8924
6465
9485
3551
2463
3158
4300
2283
8274
4437
1965
6152
1573
6947
8505
3192
5573
2339
3690
9896
5845
2861
4089
2465
5302
7708
3643
1408
5768
8628
8178
2883
3135
2070
2054
8261
4983
7926
4617
5958
6736
6844
7915
9662
7295
8341
2106
4942
5748
7315
9323
5055
1234
5683
6619
4543
4599
7271
9938
6154
6748
9575
6973
5498
7706
1927
8873
8027
1748
6246
1557
1802
8112
5616
7160
3534
5817
5422
1102
1973
2315
4942
5580
8118
6174
8757
9098
1205
3819
7484
7095
5687
7369
2370
2059
2832
5914
1476
8014
9557
6360
2095
9757
8310
3279
7727
3171
2208
9415
3818
1057
3662
1822
9685
1255
4544
1287
1857
9796
1026
9621
6275
9352
5474
2112
2469
4398
9047
3591
3079
9454
4201
1787
3752
3742
3359
4191
3049
5153
2070
4516
1972
6602
9189
5775
3890
1552
8178
6461
8670
5764
2039
8752
4986
6624
6779
3185
8996
9272
8767
8843
9727
8077
8051
6270
3626
7788
1127
7505
4705
9386
6896
1317
8291
7797
4770
8299
7632
4401
7172
6323
4731
2090
1249
6130
9394
2661
2618
2547
7921
8500
4144
1366
9561
7933
5514
2942
2608
3491
4834
4921
9075
2826
8027
8990
1898
9389
7747
6125
3366
2363
3739
7430
8302
1885
3560
6054
4807
2358
3190
9249
3960
3721
5359
7875
4555
4241
7635
4764
8014
5325
2611
6975
9605
6006
4414
2765
4150
6948
3977
2639
7367
5981
6323
2146
8747
5107
7898
9739
4358
4659
1926
6597
7239
9382
2615
1088
9067
3878
9678
7112
6712
9419
8851
1842
3363
9911
7828
2247
3301
4963
3054
8238
8393
9147
1068
1019
6736
2988
1195
4346
1795
7956
1695
5251
9135
2249
7842
3345
3718
2002
3883
1588
6981
5889
1968
6062
6466
8542
4794
2059
5575
9734
7266
4874
8586
3990
4748
4108
1397
3267
1586
3749
8876
8790
1480
5395
9176
3746
6915
3758
8397
8044
4781
3873
8260
5356
4474
7877
6544
7743
5260
9665
4192
5704
9510
1918
6112
2397
5182
6792
5704
1781
6843
5764
2556
3474
7240
4306
5575
5204
9872
4476
8120
3897
7447
6088
6509
8730
2449
3718
6906
6307
9455
6002
6467
7687
1332
4753
3718
7555
1125
3476
8877
5845
3463
4658
5795
7658
4344
8149
1842
8890
3979
2335
4240
4302
7058
1927
6381
7082
1949
4989
8379
9936
3760
2198
1188
4981
2378
3388
9645
6142
1795
1688
1198
9728
8046
9107
3836
4782
9135
7742
8342
9781
5127
9458
9892
5361
4921
8556
2300
8580
8420
6448
9113
7409
6554
3935
4220
2339
3007
7330
1476
4707
6754
4465
7451
2331
3134
6370
9531
6672
2262
4082
8103
1333
8563
1870
1944
7141
1603
7603
2691
5056
5015
3282
8861
4804
2894
5452
9075
6848
5716
8101
1602
8374
6090
3203
9207
4538
4175
6854
6960
7394
9023
6115
2137
6993
5213
4018
2240
4099
4116
3985
6296
4449
8415
6164
2045
1890
1713
2997
4777
3921
7069
1542
6677
3124
9176
5306
7770
6448
9125
8250
2012
8660
3125
7345
8068
3122
1522
5785
4389
5804
4405
1592
6744
2591
2078
3894
8283
3509
1346
1979
5752
3335
4676
1118
9743
6646
3195
4139
6627
2416
6151
3765
4709
7989
7146
5906
8412
1285
4716
8405
9744
9352
1875
8297
2034
2056
4885
9134
4199
3819
4699
3197
6263
3395
2205
9908
4407
4921
6271
3356
1420
7890
9904
4719
1071
9553
5253
4735
9340
5750
3630
7854
1257
2694
9757
1296
5065
7480
4183
9958
4890
4728
4006
8678
2584
5126
1853
8101
4324
1836
2730
9699
3798
5633
7978
6451
1278
2822
4222
4846
6438
4197
2761
3105
6153
3741
3922
4771
7862
2741
9482
3667
9303
5414
9597
3169
3995
6882
7472
6455
5028
7040
6751
4883
1701
1392
8421
3511
8370
8324
4143
8055
4857
8751
2771
6266
1775
3140
4232
8362
8876
9721
3244
8417
1266
4185
1989
7901
2383
4858
9579
6143
6957
5328
5710
1686
2174
3558
5701
3604
7940
3483
3970
2722
3361
9604
6619
4733
7381
3815
7709
5726
9150
7319
9257
8595
6612
2339
5703
8268
7272
4254
8654
5155
6338
3484
4635
1781
5855
7987
1658
4315
9338
1130
8546
5608
1745
7644
5434
9920
5607
2381
1009
6836
1176
2395
2862
3017
3819
8865
8507
1552
7726
5088
5159
3638
4986
3810
2063
5754
4904
3720
1492
2849
4661
4879
8029
3361
7470
2526
4039
5124
8595
2018
1360
1045
4613
2225
8829
9051
3462
1902
4483
5542
2488
7878
1180
8104
2389
8471
8428
1844
4824
7924
7980
3498
1982
9937
2543
7795
1397
7615
9412
6829
4914
6191
3474
6922
3868
1024
6233
4999
9589
3499
9095
9397
7122
5303
5969
7786
8721
5284
7150
6941
9154
6488
8844
2747
3401
7723
5486
6016
1317
9914
5697
8837
3067
8899
8324
2921
9000
8225
9729
6500
1055
7640
1684
6099
9819
9982
4725
4160
8491
6655
6712
6171
6289
4469
5934
6565
1519
5925
5583
6925
7845
4964
9201
2341
1949
2418
6920
6046
6998
8178
4858
5653
1213
4150
4543
1981
7443
4683
8617
3399
8250
2040
2732
3746
3138
7778
6165
6421
7820
4064
3574
5685
3333
1833
8227
4612
5064
1288
1487
7350
4529
2269
8186
3983
1517
5505
2673
5749
7398
7949
4919
2353
1872
2458
1816
8789
4880
5256
7201
8258
4026
7113
5697
4881
3328
1987
5992
7012
1277
2540
9738
5134
1718
9967
7650
1185
4265
5377
9708
7118
6631
8788
7064
7650
9363
8131
2797
4099
7399
9645
9821
6219
6676
1175
9247
9165
9300
4034
4317
9098
4626
9816
1952
5545
8262
2473
1272
3366
7325
4757
9555
5977
3433
8096
4629
3457
6380
8023
1167
7852
3248
1017
2048
9030
9080
1891
5885
4869
7642
2801
2858
4938
3773
2754
2579
3087
5742
7636
4408
5147
7914
6701
8786
7841
9823
6101
6508
5331
6689
4986
1414
3757
8774
3572
5734
2086
5765
6912
2070
6488
5501
5771
2633
9946
6939
8315
7926
7330
4731
6269
4135
8584
4083
4812
8363
2492
9076
3198
6279
3261
8468
7658
8737
4002
2568
5100
8627
7030
7346
3990
8529
1978
6663
3513
3142
7965
4798
8230
3377
2413
2333
8264
5949
6261
5801
9833
4123
4061
7500
2547
6448
9960
3038
7834
6144
3882
4597
5591
4232
2753
8318
4800
9713
9737
2289
4623
2400
3376
6921
5040
7664
7991
3504
8500
8706
2515
2695
4837
1060
6239
2696
6563
3852
6026
8790
4562
9827
3791
4848
2552
2333
4471
6309
6345
2428
1300
9734
3022
1339
2488
8104
8753
1014
2447
5308
8152
6099
1844
6770
2528
5798
4871
8478
5972
9302
5362
7425
2021
2550
2250
1725
6472
3163
5504
1477
7778
1937
1101
9365
2461
5558
2123
4860
9619
4846
9478
4958
2816
6027
3191
9486
2290
6787
4889
8779
3269
2096
9676
5541
3264
9179
5091
8334
2348
5938
3667
1767
4665
3475
1557
6748
9565
2669
7379
5543
5693
5910
4966
3450
5679
2428
9356
9792
9020
8607
2967
2635
4453
2306
9184
6507
2080
9554
6364
2147
4600
8864
3617
3262
6574
9759
2942
2900
8254
2065
4904
2803
6247
5097
7228
2316
6557
5431
6327
2376
7308
7061
4404
7868
7083
7198
1335
4377
3967
7497
1541
8339
2151
5340
2289
8663
4375
8590
9712
9673
7245
2910
7860
5672
1884
3352
6520
1107
1910
9064
8411
7895
2678
7282
7062
8631
6003
2110
5997
8803
6484
9776
2173
6599
6782
1093
2460
5194
2716
1860
8930
6590
2122
2573
3671
2713
2394
2740
6878
9979
2790
4403
2734
7085
3634
3932
8520
7041
4521
8088
2495
9538
7343
1861
4946
3946
4444
9547
9087
6110
3889
5291
1942
6518
2025
4953
2263
1497
8304
4781
6961
6826
2908
4993
9985
3284
9802
2998
3330
5882
3048
1169
6184
8915
2655
5922
6549
7170
3127
7198
4895
4621
8366
2356
7474
8913
4757
6182
8129
1661
1983
5821
5735
7665
6764
2244
4940
9233
3233
4807
4653
4180
7428
4370
8289
1273
2381
3118
8112
1632
1851
4124
1410
7715
9444
5911
7217
3180
8622
2949
2732
9181
6574
1704
6213
2383
1556
6263
8302
6116
3936
3849
9358
1114
6583
3389
8843
7128
3360
9187
1366
9089
1008
1281
2598
6762
2492
8742
3323
2544
6782
8012
9448
5658
9655
9106
7669
6189
7087
2985
5791
9371
5214
5741
5441
3393
6501
4255
8160
4433
5413
6190
1611
9452
1849
3936
8261
1437
1634
8680
5837
9926
3056
7107
4566
4564
2708
1355
4316
9653
5949
5248
8172
7700
7687
6263
7267
7184
1526
7871
6487
2812
3053
9243
7052
7386
6908
8450
7692
6705
1350
7131
4327
1101
4439
5041
5855
8662
6547
2172
4635
8778
5820
6602
8679
6991
1982
9824
4465
2242
1370
5824
7888
4586
5380
2951
7024
3966
6088
5478
4039
9814
2875
8037
2803
4571
3335
8925
9476
2263
6360
7042
2794
6755
8586
8788
6868
7218
3666
2458
5412
2935
7452
2788
1095
1717
2432
2353
5791
6766
3411
7888
8455
4163
4884
1646
7048
6777
4286
4007
8545
7695
1723
2030
8995
7693
4409
1561
4721
2552
1574
3800
7663
2459
2871
2310
9659
9893
9996
8965
1031
6644
8774
8333
7807
3548
5844
7563
9579
9501
8216
4664
1998
3906
5786
8588
2962
4119
5542
3341
3340
2975
8243
3388
8020
2340
4443
5734
1380
7964
6910
6875
1150
9584
1881
1810
8605
9340
5272
2117
7092
8966
1485
7800
3459
6799
6635
5486
5923
9609
7320
9160
9918
3623
8508
6389
3016
7079
3667
6144
4229
8304
1991
6347
6617
4088
7304
4318
6065
4572
2712
3550
6594
8650
7866
2068
5655
1781
8340
2045
3660
6346
3421
8825
4225
7715
3982
8672
9417
3078
8969
4727
2315
2385
8719
8330
6252
9049
5143
3839
1499
6893
9466
1325
7087
8580
5856
5390
8299
4292
8347
8023
2871
8686
4146
4329
7261
8859
3771
9626
9721
9488
5144
1009
8172
9915
3080
2507
6753
2586
6750
5449
4364
1286
2896
4401
9001
5527
9389
6372
6619
7181
9042
7225
7171
6306
9726
6881
1112
9416
8249
2666
4062
4464
8338
4588
5372
6326
3266
6813
9192
3521
7565
7426
7404
3564
7448
5399
4309
4211
3228
1398
5981
9536
2952
6973
1889
6202
5459
4963
9498
6445
3429
1222
1709
7244
6479
8886
1892
2404
9623
9692
8444
2092
6171
5816
6766
6122
8509
4014
4827
4964
6771
7506
2181
5606
2916
8586
6098
7014
3232
3389
4695
6140
2001
6383
6242
3126
5409
9915
4466
9234
3353
4402
3243
9609
1211
6486
7640
3227
7203
3817
8113
6790
1503
3079
6841
4712
3392
3018
4449
5507
3640
4763
3025
8774
1271
9796
3091
3686
9012
8958
8432
7951
9357
6460
8801
9583
7674
8006
4956
1336
6325
9262
5635
8890
5747
1240
3959
9124
2020
1603
4997
5195
1295
7469
4360
1884
2059
5411
8725
1683
6431
3216
8965
1693
3920
1292
7056
2872
8970
5143
1990
9806
8488
9022
2544
2165
1740
9900
4338
8549
2471
3988
3716
7325
1191
3700
4964
6152
8598
1378
3200
4596
1431
7939
7621
2501
8277
4527
2420
7180
3599
9759
6986
3787
4780
1085
2407
9737
2263
4260
7707
3771
2489
6257
7855
3001
6974
2534
3440
1510
8222
9180
3225
7151
3431
6928
8076
8358
6423
8519
3461
8466
6432
3624
5470
8409
3017
8284
8531
9613
1810
9500
4001
2363
8446
3851
1432
5053
4022
8959
1012
6377
5822
4402
4092
4044
5099
7578
8184
3034
4324
6953
6893
3905
1942
8165
1734
8551
3809
1270
3994
7339
6589
2838
7047
2092
2585
3387
1795
6696
5154
3134
6619
5626
5745
6595
2136
1304
4283
2833
5957
2209
9112
4062
6733
9617
8378
6833
9115
8654
7714
7814
4865
6952
5444
9235
9511
5580
7182
7862
5858
9080
9347
4286
7512
7138
1456
5418
7595
1938
4828
4498
9233
9923
5858
6876
5312
4840
9789
4340
9776
5534
1446
7710
7670
2977
5042
7761
3726
8936
5305
7295
9781
1619
3236
2127
9425
6268
7200
2603
2880
8671
8913
4651
6110
4862
5893
4526
1201
9810
4263
2285
7571
7784
8039
4415
1679
2733
7246
4354
1402
7370
6286
2230
9090
9102
9409
9067
3196
2135
4280
3746
8873
1773
4606
9114
2801
2304
8847
1381
7072
9760
6465
6082
7865
6231
9232
6911
9630
4918
9378
1279
6619
1645
2776
8254
3592
2428
7006
9097
1210
5841
5435
3405
3326
2354
1515
3539
3451
4665
4626
9882
4996
5905
1912
9871
6856
6415
2674
8756
2182
8234
3623
5088
8968
1431
5800
3633
8056
2972
1939
3331
4745
1772
2460
1674
6238
1025
7875
1911
2841
3789
5601
8042
1278
1207
3736
9246
4839
3727
2307
9213
5754
3441
3983
7119
6913
3371
7742
6461
4537
3518
2390
9812
7377
3990
2230
6164
6284
6893
7827
2692
7410
7653
5759
1240
8917
8141
4667
5952
4528
3650
4305
3858
7459
6736
6941
4539
5421
2500
4208
8670
9812
7594
4113
1574
4656
1018
3945
9773
1884
8271
4535
2338
4115
2789
1058
3136
9265
1274
5264
3848
7394
2949
9754
7993
5101
2825
9784
9377
8567
2527
7335
7341
1093
3109
4862
5415
5814
5252
8720
7519
8757
3779
5211
5130
9385
3596
4947
5677
1446
9138
4551
9991
3866
3022
2052
4609
8028
1133
1414
7581
6817
6611
8219
4679
9744
6941
3663
9183
9671
9740
3613
8960
2092
7575
1721
9821
3673
9250
7926
1264
5055
9878
6697
4178
2959
9427
2473
1595
6633
4134
2446
7056
3616
2440
7232
7245
1745
2125
6473
1409
6200
3532
7318
3002
7108
7061
8541
4786
6595
5153
9503
5184
2707
9172
5716
9577
7787
8942
7550
3908
1288
1010
2576
7811
3491
9718
9789
7793
5428
8554
7151
6502
9159
4209
9319
1000
3177
8061
7956
1080
7519
1361
5061
5554
9104
8409
3743
1716
7189
8921
2681
7913
1828
1954
9212
5228
1764
1770
2625
6495
6283
8763
3946
2635
8964
9756
9124
8728
6278
1472
2397
6288
7775
9888
3436
8643
1507
6376
8207
5817
5245
6408
1405
8587
3410
2712
5789
5818
9925
7385
8425
1589
9422
3599
4512
9909
6341
7763
3538
3615
5291
5710
7426
1501
1941
4439
2294
6234
9725
9506
5230
5107
2882
2285
8858
1607
5800
9475
3584
7400
1469
3623
7780
3770
2328
5752
4399
8172
2002
6389
4955
4794
3726
4196
9327
6759
8114
5214
9172
7636
4622
5365
4223
9472
1163
2698
7166
7156
8930
5882
3486
5864
7004
4947
5664
3822
3654
2055
5061
6110
5740
1164
8050
7397
9777
6401
4810
5249
6477
6925
2497
3986
9412
2818
6536
6490
2523
4570
2340
5502
2234
6366
7405
2193
8580
8852
2773
9631
6029
7610
7684
1686
7217
9180
2924
8768
6482
3581
5497
8759
6574
4615
9722
1402
9551
2633
4516
6471
4640
7565
9888
3438
8404
8289
7392
2239
5884
9286
6606
3970
3163
8240
4600
9813
1248
9699
5877
2706
7412
9671
5686
4808
5386
7609
6667
3846
1869
7578
9955
7035
7299
8877
4290
2734
5982
9706
8090
8108
9788
3153
4213
6235
9766
9638
9365
5911
4955
9681
1883
4211
4395
9059
9764
8785
8566
1992
9616
3753
9278
5428
3777
8252
9047
8226
4142
2524
1032
9692
9187
3118
8302
7936
2444
4343
6267
2913
6630
2506
5503
8727
5736
7067
6748
5021
8417
7505
3823
2374
3047
7707
4209
7658
1917
7374
3123
4995
1632
3280
4751
2451
7584
3364
3142
7652
5702
9724
9369
4847
3021
1473
7433
5395
7659
8529
1911
8789
4556
2539
8223
1362
9971
6420
8097
8023
8007
6082
6507
8793
8229
6477
2623
1797
3018
8788
7217
3800
2337
4818
4191
7317
7526
6851
3433
8302
1839
7505
8196
4119
4074
6896
7919
9316
7038
3682
1139
8384
9698
1535
4134
9945
8271
2199
9809
9328
2729
3788
4148
5200
4652
2334
6211
1735
8079
6760
3966
6236
9707
8740
3484
8139
8113
1079
8648
7537
5823
5320
5193
9930
6203
7343
6033
3265
6625
6593
2701
8497
9264
4724
3583
8128
9847
6516
6983
9945
4409
2487
9413
8925
6175
5901
2000
1663
2575
3639
6899
8158
8150
4292
2017
8284
7265
7159
9999
2302
2235
2578
4444
5595
6317
9452
4238
6807
9421
1056
7269
8238
6207
3763
7188
7103
7123
1617
5361
7411
7310
2467
1084
6708
1686
5336
9623
5558
2071
1806
5553
3963
6967
6962
3671
8682
4204
3119
5104
2119
2689
4752
7173
3511
2631
8856
6820
5487
4162
7563
3387
5239
7671
6730
1924
1820
6314
6411
5968
6043
2670
2209
3023
9556
9246
6358
4215
1369
1604
2043
9596
7554
1983
5669
3847
5059
3891
3850
3822
8346
3841
1889
6243
8673
9118
2707
9659
1318
8184
6204
3579
3545
8656
1943
2381
1081
1790
1077
3291
1225
1886
1105
1309
2173
2363
4617
7001
8384
4743
6442
2870
4863
2497
4761
1115
9484
4718
9148
7016
6525
5179
2919
7759
9861
5824
7287
6238
8108
5629
9583
3515
8170
7705
2549
9825
1319
9739
3988
4736
7940
4700
9399
4437
4228
9125
3460
2446
8770
3083
3040
7019
9290
4719
5328
3505
2053
3175
4614
7778
9951
5691
9647
6270
2139
5901
3035
8984
4993
3331
5833
9270
9283
5158
9200
6280
2593
6135
5292
9825
4826
8199
2794
3868
2736
6952
6375
6581
3573
9501
3920
2878
1860
5809
6511
5403
7549
9628
3166
9886
8542
5398
4147
6312
2793
8707
3928
1133
2991
9395
6143
8318
9109
8894
7683
9987
9360
9593
6185
1789
6148
2577
1313
6374
5106
4491
7030
4930
2081
8951
9499
8113
2462
6341
9430
4642
8082
3711
7687
2240
1645
1490
3703
1378
8809
7837
3148
8912
1188
9967
2697
6446
1306
6380
1786
9927
5845
5998
6070
2407
7279
9372
9932
5659
4205
5378
4282
6409
3328
9738
4197
7350
7639
7299
9617
8093
7874
9307
8655
7171
5204
8275
1367
3591
6520
4531
6751
1040
6219
6219
6149
6504
5552
1768
4305
5345
1207
8184
7317
5795
7034
3998
1950
6976
2605
6406
4429
2204
3232
9713
6760
3905
8699
5691
9778
8941
5065
5316
5527
6915
5114
6412
2770
9004
7125
4124
2063
4459
6551
6051
1724
4556
7978
3945
9765
6173
6297
7563
5128
5591
2607
8082
5259
2083
2210
6018
4678
2840
1547
1636
3420
4737
7517
3462
9152
4008
3667
8380
4788
5554
9986
6546
5517
1199
2809
3862
3308
3832
2320
5541
8843
1062
9622
7029
9872
9379
4644
1357
9899
6546
3630
4388
3261
8668
5931
1665
3225
9204
7270
3519
2415
1084
9563
3528
9156
4165
1408
2085
1325
5277
6859
6828
2175
4241
6978
1378
3817
8006
1231
8358
7222
9822
2531
2424
8149
7521
8499
1711
6370
4221
9236
5841
9936
8632
5388
1979
9105
8803
9262
7133
2978
2264
3225
5176
6160
6664
3712
8650
5907
4992
1309
1934
5069
3546
1003
9463
6160
7173
9329
2761
6030
8435
5438
3010
5186
2417
9305
3718
7737
5632
1609
1698
5797
1187
6517
8319
4773
1837
2631
9136
3505
2383
7236
7664
9807
4330
3713
7207
8576
3601
7227
5400
2816
2259
4337
4014
5537
1777
3766
6732
8371
4731
4653
9453
7500
1017
1146
1027
1609
6555
7170
3344
5160
1593
3522
5442
4823
6292
2788
8802
8490
6367
9951
7587
2514
7678
7976
9226
6226
8536
8340
1598
7305
1567
5230
6182
7228
4529
8910
7900
5530
8567
1639
9971
6662
7239
1810
6183
2407
5189
8952
8480
8977
6415
4146
8412
8743
8200
2650
8388
9767
3860
9878
1813
2860
6197
1605
9364
5458
3853
8109
3373
1837
8810
9510
3461
8864
9897
8733
6308
5171
4434
3314
5272
6079
7812
3278
3611
7038
1184
1128
5447
4649
4370
2327
3644
8651
4509
7585
6809
1108
7961
8956
3648
6436
9361
9723
1745
2775
7336
3526
4126
3890
4538
5620
1309
8421
6926
5369
8692
8908
2740
6205
6982
1236
3572
6239
2580
9992
6955
5342
5750
7601
6842
8431
3008
9258
5970
4754
6843
1324
5943
7614
6328
3234
2316
1323
1566
4784
5476
7127
2539
6919
5158
4158
5811
2405
1459
8661
2546
5383
1841
7781
3778
2821
7741
4453
4731
8937
1972
8889
3724
4702
7855
6776
3145
9432
9978
6875
3844
4865
8891
7250
7308
5150
9759
5511
9578
6480
3969
6140
4514
3693
6013
8946
1727
9072
8275
4676
2776
2787
1642
7365
7083
3792
5519
6320
5835
6506
1388
5370
1541
3631
8011
5456
1524
8718
4648
8254
2174
7416
5100
2389
8957
5169
2312
3228
5563
9275
5289
2340
5800
9654
6945
1006
4101
7151
4779
6177
1484
5389
8251
3251
8853
1285
6862
4724
7615
8031
1752
7859
7814
9059
2372
4346
2995
8107
5109
6962
5862
3564
5134
2092
6700
2343
3829
9046
6498
7544
1012
3456
5121
2077
4770
1279
4005
4162
8040
7528
6345
3143
8444
9919
3118
9177
2678
1107
4618
8382
6678
6777
4719
3309
9278
7247
1193
2765
4180
7872
1933
5173
6764
7017
6521
6867
9670
8113
5363
8444
5515
9713
4272
2561
2615
2785
1417
4950
9785
6025
9159
1038
9496
5956
9205
2927
4917
1006
9171
1529
8551
4056
9697
1098
3493
9095
1518
2553
6163
6228
2384
8891
9839
6741
1408
6251
1121
6927
7280
5029
6772
3166
1010
8718
4738
5125
8291
7753
9189
9361
9135
1780
2092
7885
7695
2885
6223
7189
5017
3768
4977
8527
4692
7071
8736
3354
5264
5353
1588
8550
2910
1139
6274
9899
4755
9650
9139
3902
9446
9880
3781
5270
7495
4309
4579
5529
9780
4169
7994
9813
2046
1228
6643
9590
3895
2758
2406
1301
3834
3247
3559
7299
7486
6026
2805
5236
1636
6828
6023
7833
7204
9030
1880
9756
2941
9130
3902
7192
4381
8093
6557
5534
3711
1984
3850
4099
2644
4989
7154
7360
2803
8292
8555
9454
8005
8955
4225
7783
3541
8484
6285
3059
1974
4439
6270
1888
9466
4267
4426
6184
5666
2879
2551
8630
1645
8006
9271
1950
2798
1343
8218
5380
8129
8730
7001
8103
7937
5228
2372
4826
5357
5524
8253
4700
4685
8820
4697
2582
4171
2578
6866
9184
2967
8894
8699
7184
4269
6767
6034
6808
9442
4152
8117
3028
6683
2915
1738
3529
4370
7771
3285
3272
7039
8634
9169
4109
9126
7898
6809
2445
5249
9588
6031
3403
6442
3395
2991
4007
1430
3686
7958
3297
2828
1678
6423
6396
1233
4402
2481
3999
1111
5289
6018
8521
9782
1530
5376
9934
1149
3862
2778
3804
1572
1760
9207
6847
4849
8967
9375
9954
9930
3730
8245
8961
5767
7571
9659
1601
9999
6443
5822
5368
4395
8809
1388
9877
3786
1628
8007
5528
8039
7234
6812
8674
9711
4502
9105
4943
1246
5872
6345
7465
6823
6918
2617
9592
4815
9640
4006
6135
2506
7399
2424
7756
6002
2210
5167
4316
6456
5811
8636
4843
2974
9445
7467
7638
8166
8302
9064
1272
1849
6215
4541
6007
4750
8892
6154
2570
2623
4079
8863
6253
2361
2034
5722
5774
2209
7126
6330
4719
7479
2085
7839
1498
8942
6738
4513
5603
5809
4289
2667
3726
9166
6785
9577
5983
6488
2010
5869
4093
4093
6987
8296
2545
9128
3640
3101
4352
7927
8863
4491
5238
4819
9743
3086
1353
9219
8594
2237
4938
8492
4547
2552
1230
5279
3415
5256
9207
1662
3849
3765
2255
6372
7021
2731
4422
2514
8381
2900
3251
5677
6324
6251
3015
3865
1159
4228
8836
2608
7171
3823
5081
1834
8899
1371
6212
3097
9830
6306
5479
1024
4536
8266
6351
7599
6061
5650
8479
5102
2954
2391
2619
1992
5097
9412
2062
2752
5005
6928
4890
2520
1864
6370
6467
1233
1934
5033
6087
2494
7864
3532
1190
9427
4466
9298
6869
9186
3048
9204
6975
6580
3274
5415
9462
6615
5614
7426
9948
6765
2772
2350
4583
2776
6654
8798
8572
6791
9362
6936
4878
9339
5663
4954
7421
8369
8723
6323
4025
1552
4338
2882
8618
4737
5575
5836
8126
9940
1452
1076
2530
9544
5208
8982
6439
7944
8289
5256
3897
9811
6019
6410
2942
9884
2135
3349
3388
1117
6483
2513
4859
6611
9112
8437
1680
4895
2226
9898
1125
1447
4328
1606
7317
2360
6950
3557
6159
1627
2914
9405
9029
5114
4836
3852
5372
6958
4195
2081
2898
9966
2236
4460
3162
7349
3941
8550
2130
4163
1408
1128
8078
1321
5225
2460
3174
3688
5133
6139
1869
9051
5238
5983
5607
6247
9839
2034
2606
2373
7105
4225
9353
5645
2282
3221
9448
9683
7296
9256
2669
9712
5320
5966
8274
9708
3884
1331
9828
4374
9891
8729
2945
8305
2049
2824
1244
4891
9135
4058
3816
8575
4223
6654
4783
4492
4324
3139
8958
2133
2666
3116
3137
6646
3398
8691
5448
5612
9394
8099
9184
9288
2609
9750
4813
3277
9011
3192
2667
1223
7335
9195
6852
1178
8784
2977
9646
2948
1581
9505
9686
9770
5684
2486
5963
3909
7171
1854
5360
2661
2862
6689
5989
8360
4369
3289
1096
8478
9959
6211
1040
6590
4321
8936
4189
5972
9088
8869
1962
4841
9863
2078
5714
8486
4944
2961
7971
8200
4116
2977
9710
4472
6690
8137
9158
4085
6866
8523
9924
4265
6719
2576
3620
5908
9931
5347
2470
8034
8628
5474
6741
2537
5554
3965
7822
1010
7786
5830
9646
8000
5241
8087
2368
8584
3929
4929
4186
6497
8972
9353
3676
9684
5159
8337
7911
9004
1802
2518
5306
5495
7989
8991
7556
8074
4985
5138
9478
4619
6969
5916
6544
7294
3731
5552
8555
7951
1812
4144
3811
1341
8414
5506
1827
8206
8565
3018
7166
2924
2827
7072
9519
2132
5435
4187
6458
6278
1886
5354
8284
5404
9000
1147
5334
7668
8661
6749
2724
6665
8751
3797
2841
4502
6244
5290
3889
5163
7183
6048
5763
9910
5029
2865
4694
2284
7529
9856
5282
1352
9340
4299
3429
5396
2231
8978
8619
3661
5264
8706
3106
2243
7354
6628
4252
5045
8579
1649
7838
3296
8398
2324
8805
7279
3856
3475
2241
7795
3959
5799
9172
5343
6508
8989
7591
4770
6548
6152
7162
6538
2988
8638
4300
4289
1573
5903
6114
2985
8331
7222
4343
2683
4713
1661
1643
8461
3061
5299
7432
1993
8061
2164
9889
6413
8331
2909
3877
2502
2290
4310
3146
9380
2026
7809
6851
5422
8025
8824
7262
6923
5169
8898
1479
7287
7303
6188
6691
1000
1270
8459
2392
1506
3985
8899
8637
8511
8247
6185
4553
2594
2200
3142
7932
9085
4755
6223
9466
7407
6191
2027
2877
4259
5053
9863
7212
2790
5650
7661
5181
7756
6606
7818
9461
4782
6603
9466
8156
4277
4228
6289
7401
9142
6684
2441
5024
4511
4373
8260
2046
4829
1978
8616
1075
7879
6218
5901
6388
6947
7559
4579
2281
1280
8158
5520
9218
6964
5567
2765
2802
3105
4806
4123
7043
8276
6670
4985
8102
3945
4868
4143
9001
7622
8929
4493
8294
4400
3010
6261
4604
5030
9707
1141
7414
6708
1601
7263
1844
9840
4873
8706
1906
8392
2860
8583
5721
9418
2285
9169
9050
6470
2651
3576
3505
5656
8771
5587
2678
5035
7131
4735
8944
8784
9323
4742
1245
9000
1429
8311
2034
5412
5362
8734
4915
5209
3058
6692
5678
9180
3700
9506
9676
3576
9650
4520
4234
3471
4614
4831
8338
4415
8483
6154
2888
9854
2731
3766
3084
5660
9504
3447
9115
6847
8243
6066
7192
4871
2066
1035
7891
4870
3565
2962
7720
1372
4008
9909
6457
3053
1310
4114
9865
1988
7740
6744
4200
8962
1933
7274
6909
4440
8245
4442
1820
1889
5352
3708
8087
1950
3371
9844
5784
1088
6224
3474
1189
1370
1389
9628
1838
6564
5368
8750
3185
5720
8305
1721
4385
3700
8010
1752
3033
6518
2032
3503
7552
4250
5064
9567
6199
2857
9025
9032
8728
7638
9142
2744
6746
6738
8739
4378
5817
8218
6858
5948
9035
9474
7425
1637
3706
7436
8140
5071
8735
7123
7445
7803
1666
4762
6526
6200
7418
7074
8182
9342
6120
4094
6231
9577
5895
2340
5916
8031
7229
5245
3241
9780
5128
2355
1784
1747
3535
6080
8612
4098
1904
3531
8599
1490
5117
6344
1747
2381
1316
9301
4160
8033
2997
9908
6943
4257
9585
3945
1176
8365
1202
7808
9760
9827
6863
3079
4383
6491
6810
6268
1954
5306
5673
3359
4344
3069
1826
4713
9368
9177
7096
2244
8920
5706
6235
4988
6299
4629
4148
8882
8572
2358
6210
5082
8175
7530
5718
2166
4925
4196
2264
6316
8751
8214
1179
7903
1674
4235
3026
9755
2095
9885
5870
6927
2299
4286
7453
5886
7730
1573
6415
2648
3372
2564
3763
9761
1482
4526
3906
9576
4126
6112
3209
3209
1023
7670
4374
5656
2919
4726
3907
6818
3225
3958
9156
7973
9166
2596
3502
2359
6471
5539
9192
5988
7083
3492
8642
6190
5468
7681
9236
3222
6464
4031
9940
3395
6112
9290
9650
8826
6463
1164
5090
5787
3737
2725
5038
1119
5586
9630
1440
4937
5720
3802
4563
1269
4820
1974
9516
9433
9162
1478
8076
7198
9999
5223
3394
2637
4245
8505
3665
6726
2968
3249
7910
6714
8477
6369
5945
9773
8892
9692
7921
6980
1204
8590
4780
4174
1223
2389
7920
5037
8234
4654
2991
6687
9087
6667
3969
2489
4498
2792
2827
7508
3549
3641
1801
1523
5452
6403
1758
7952
6211
8625
5289
8885
8688
1908
4167
9415
9187
2626
5045
7900
4610
2503
2738
6280
7419
1784
7236
3240
3759
3959
7047
3885
8512
2796
4699
6838
4504
2647
8436
3183
3749
5092
9692
5415
5777
9567
6462
1057
4068
7136
8151
4871
7087
3694
4594
7319
6346
8060
5416
9507
7706
9404
1775
2921
2605
6058
8517
2154
1086
2110
8810
7669
8333
6129
3755
3748
7094
9421
3912
1697
6257
6531
4066
6877
1181
7757
2085
6530
6698
4929
2102
6087
8147
4134
6060
4499
2444
3940
4597
1209
4371
1325
9656
1280
2075
6428
2123
1691
2178
4415
9597
9379
4712
4958
1654
2895
9321
8790
3000
3179
3112
8888
7817
6805
2033
4468
8117
2379
5679
7851
7342
9745
6816
6142
5126
8172
9179
2501
3676
7228
8059
5605
2680
2794
5658
8461
5809
7620
9139
7619
9794
6876
4851
4971
4273
2719
7861
1766
8358
4103
2456
7406
5853
2143
1635
3193
1698
3481
4959
8980
1421
9848
1020
5849
4475
7654
8946
2663
8663
7461
5082
9552
8101
3610
1989
6003
4824
4651
4871
7183
4821
7629
5790
1075
5645
9264
2461
8732
3831
1412
6285
5751
6674
1834
4616
9154
5698
2910
7059
9351
9477
1675
2967
1093
8658
5793
5955
6018
2891
1630
4335
8550
6551
4535
7985
9663
1665
1393
1761
4135
7586
9118
4563
6577
7775
2101
4572
4933
7394
1377
8202
4159
6895
5618
7738
7979
3569
2775
7471
8465
6479
3445
1118
7603
2386
5960
1545
9401
1586
4397
5645
2545
4732
4981
1236
2526
7169
2029
2687
1454
1985
6641
4328
4294
2750
9287
3052
2901
7303
4276
5590
9973
5731
3764
3495
4102
4747
5502
9401
4728
9274
3297
5887
7323
2296
1601
6550
7213
9903
9383
7502
5681
9728
2379
9841
2156
5332
1766
4275
3932
3962
1266
7808
3237
1263
6070
1054
5550
8793
5113
1546
3211
3158
3551
5210
9751
3037
3844
9361
5451
9468
7216
5111
1363
3503
6992
3084
6588
9362
8953
4879
6767
3213
4791
6529
8604
2202
2588
6855
5106
2880
3763
6330
3753
7436
9996
9219
1233
5742
4324
6016
2761
5384
7773
3466
7887
9907
6631
3880
8914
8839
7903
2705
5835
2642
4550
1312
1477
6517
7209
8348
4554
6644
7681
1158
6309
1971
1082
8019
1137
1598
9358
7379
3379
5969
8550
4255
6532
7962
8621
5686
4073
6591
8943
4755
5671
9957
7802
8674
9222
2127
8051
1221
5722
7557
2725
1989
4783
1383
8423
7211
3188
6296
5000
4860
9737
5793
5565
4391
1950
8187
1832
6339
8790
2795
8616
2943
8403
8126
6875
3077
7629
6329
5336
6005
6010
7282
4652
5658
9653
9788
6396
5898
1535
4392
9062
6303
1549
3692
7028
9180
2942
5166
9261
3109
9333
6377
9411
8518
6496
4119
5633
2021
9123
6535
7794
2138
6473
5783
5401
6712
7842
7638
7489
5275
9948
6966
2271
6388
6951
3236
1756
7207
2829
5071
9613
3070
4779
6587
8413
6924
4758
2640
1375
7856
9348
8524
9736
4556
4052
8969
1897
8380
7592
1892
5910
3510
9328
7373
1278
4169
6981
6207
7581
5372
8853
6941
4394
8197
6679
5674
4640
5111
9038
1714
9826
1416
3246
5007
8774
3360
8371
3713
6779
8157
3878
2848
6191
4939
1771
4161
1392
4757
4613
7311
3029
3947
3204
7906
5024
3860
3595
2783
1834
9271
5627
7199
3002
2619
2597
3551
5165
5688
4012
3939
7159
9674
8516
3762
9426
5566
1930
7094
1299
2022
5126
1173
3302
6568
4349
7012
4807
3853
3476
4500
1140
8804
5485
9809
2903
8567
3254
1850
1356
1615
8727
1661
7002
7520
8805
5366
3965
1485
9300
1075
8580
3975
3724
9171
2542
1828
4758
8495
6696
3099
5826
1013
4616
8630
8038
3804
5078
5423
4818
9848
9862
1674
6323
4736
1735
1453
1419
6456
6648
5190
6274
8953
8877
6501
6963
4631
2689
2488
7827
2637
2496
2093
6956
2907
5503
1916
3288
7333
2156
7548
4405
5315
5434
1574
8965
6739
3046
4528
9634
7198
8278
3142
8725
8095
1932
7456
1785
6987
9319
7757
7305
3544
6795
6358
7861
2499
8622
7892
5873
9820
8114
5614
9523
1633
2972
1530
8487
8386
3444
9805
7846
1314
4513
3300
2109
1881
5285
4988
4148
4363
1429
9278
2499
9979
9501
2435
7718
9539
5933
3630
9445
8723
4570
6042
1020
7917
3620
6622
3066
2291
1118
2778
5500
9288
2799
3057
2238
2749
8089
7357
9877
6124
1052
7938
8391
6051
7826
1489
4538
1720
7143
2969
2891
6909
6546
7320
2818
9203
3463
4534
1198
3397
9234
9784
3695
2374
7840
4124
7804
1782
6855
5024
7851
2330
3717
7144
4515
9558
7833
6054
2971
1194
6280
3518
5675
2819
5806
5446
5485
4964
6136
1741
7429
4045
6248
9305
7075
5090
1663
9008
9468
3771
9131
3649
9950
7364
3489
5234
7012
7202
5988
4445
4575
9065
2905
7396
9895
3553
1892
4382
7065
9064
6001
3944
8374
6764
5124
7326
4422
2217
1799
2973
1335
6475
6522
6551
3342
5702
8963
1977
5890
9551
2875
9775
4792
6136
8190
2950
2944
2416
6260
6661
8010
9508
7884
8747
5908
6660
9534
8023
2066
8520
2873
2240
9082
2231
9589
5293
9968
5680
3513
6486
4121
3482
7991
3098
7205
3016
1744
8052
1587
4048
3099
2248
2198
1270
4238
9291
6144
8910
7046
4004
9894
1541
2171
3012
6275
1495
7420
3180
9569
5325
3326
2135
5198
3038
2843
4002
2045
2169
4135
4702
1593
6339
6972
1557
3781
8701
8179
1805
8263
7911
5883
3670
3988
5909
9496
5264
2293
8597
2699
8046
7766
2070
2626
2916
5184
4959
6625
1499
8279
9076
1268
2402
4573
2499
9610
4935
3738
5420
3833
7346
7837
5537
1018
3876
5814
7104
9591
9166
7242
9517
3138
7934
4818
2327
5296
6996
5456
8947
1683
4081
3303
9620
8601
8515
5857
3511
2854
5638
8922
3265
9638
6444
3032
3677
7301
9761
6492
2855
3444
2808
6008
6363
5901
3714
5034
4505
9129
2999
2922
2695
2395
2600
5079
2312
7707
4335
5088
9436
9129
6997
1458
1690
6345
4337
3755
6284
5944
9485
9306
8787
7821
3827
7455
5305
9444
8515
9950
6961
8198
9369
2184
4362
9865
6970
1958
8561
1207
3397
4508
8881
4747
3870
1897
5326
3329
9442
1176
2646
4936
1709
9504
9799
3619
3348
8187
1568
9866
1628
5087
5484
8739
6234
2471
9208
7078
6947
6634
6589
4699
5165
2706
9200
7558
9463
5082
9681
5423
2484
4964
7630
4496
4151
8671
8173
3367
8988
8571
2105
2051
6237
4826
8587
6791
8016
2425
3327
8258
6125
7792
6498
1182
8100
9412
8274
7006
8237
9910
6702
4471
6172
2867
8152
3725
6823
5060
6869
2975
7384
4286
9653
6367
9120
6918
9811
7897
6716
8109
6726
2403
6302
4039
9400
8024
9551
9665
6378
9680
7887
4264
7834
5292
6046
3645
6115
8151
8228
7754
9661
6574
5515
5286
6152
2568
8605
5147
3360
6652
5931
3893
6335
2077
3993
7562
1120
6492
9466
3959
4625
3374
3642
8469
3340
5992
5779
5580
2233
1754
8872
1084
1417
7120
3138
1960
6534
4017
9756
9701
2866
4072
4924
8736
3923
4628
2763
4238
8098
8128
3693
4784
1431
1610
6353
6872
3920
7879
8042
8377
4655
1553
7567
3595
4754
6435
2694
4039
8160
1178
3956
4140
1667
4175
7265
1456
6781
7243
5597
4166
8450
6933
8824
9095
5529
7479
3933
5779
6371
6762
6212
2328
2460
3104
8423
8966
6824
4920
2614
4657
7556
6572
9035
2365
6335
7666
6581
7573
9810
9513
6379
1269
4760
9190
5589
8940
5416
8450
4867
5638
3180
8922
8104
7688
5951
1832
8693
9634
3909
8544
6307
2602
1815
7037
7766
3629
1827
6123
6434
8557
4548
5970
3252
1187
4800
6082
3979
7071
8512
8747
4536
1018
3599
9914
3063
9655
8430
4087
5146
4182
3610
7917
2614
1349
1143
5176
3565
8350
5580
2904
7930
9453
7936
6277
6678
5478
5991
6000
1328
2577
3461
4862
7860
4809
9057
3409
4701
4990
3833
4946
6377
8181
8630
3559
5626
1755
3784
8009
9206
9255
2381
5478
9950
2987
7322
5994
3609
2811
2097
9138
7913
7722
2605
2886
8933
5837
2143
5958
9630
7959
4603
5596
7004
5111
3922
7466
3822
6489
1624
5772
3716
4007
6522
5012
5403
9027
5392
6205
8783
2544
9316
5504
7806
6432
9482
3651
9011
1402
3732
4310
1735
8657
7201
9738
8454
1837
4498
3751
1835
2642
7310
2444
2297
9833
4181
7566
1614
2396
3039
5745
4281
2891
7407
4344
1780
6855
1406
6276
6118
2766
8265
5020
9469
4453
6625
3803
4612
9241
6304
8033
1657
9279
9076
3554
2961
7509
2244
7970
5947
2887
7298
5215
1624
6065
5127
6662
7651
6946
2072
5104
2056
1432
6757
5243
2676
4289
1403
2230
5163
4094
7758
4453
2621
4269
9104
2670
7073
9154
6842
5169
8468
4279
3319
4035
7622
4808
2778
6376
4920
8211
7288
5166
3289
3484
7650
8277
7245
7829
4420
9503
9937
6993
1158
5852
9070
9331
5644
9173
6783
4993
9027
7620
1903
4052
8753
9036
8849
7167
2897
8797
6007
8247
5621
7215
9822
5128
3974
4261
9724
3816
1402
9397
6713
6640
3716
7563
1036
3733
4665
2214
3151
5586
3734
1387
5852
4790
2018
5395
6188
1985
9936
5171
7584
9300
4388
9088
1171
8645
4173
8730
7969
2121
8090
9111
1301
6391
6035
9786
2412
4498
8366
9304
7052
6742
5411
6573
2010
7311
5043
8594
2002
9878
4727
1110
7706
5606
5168
9871
7090
3639
2782
8720
6816
5566
9420
4043
9872
3810
9833
6446
6781
4961
2966
1354
4452
6418
6026
4041
1842
1031
3786
4718
4847
6659
1296
1845
8982
7825
5279
3848
5784
4621
5826
8851
1412
7800
4400
9693
4246
2700
2634
4544
1013
3596
4573
9318
6072
7108
5185
7072
3022
1753
4982
3934
7341
6025
3002
5485
7365
7609
3274
5600
2330
4520
4731
7136
8888
6753
4141
6041
3931
4559
9768
2059
7365
6811
4114
5122
1032
1497
8098
4715
3968
2279
1227
2643
3036
3994
9338
8319
3740
4006
2183
3765
7377
7696
4783
4525
1742
2840
3380
8031
8626
5764
4471
5961
9517
2962
8391
2803
4743
3727
3688
4241
3949
2126
6284
6998
6398
8863
1033
9427
9872
2946
4435
8216
5328
4301
5014
2616
1542
3221
7591
7323
4440
7044
7432
4082
4616
4755
5137
5230
6101
8629
8415
4291
5218
1407
8127
5686
6677
9736
7000
9093
7283
7536
2411
4061
7069
9968
8075
3921
2688
8169
3293
6229
1019
8362
7385
4780
9630
6458
1970
7476
6766
3219
4439
7598
7693
7313
2066
1384
8815
9866
4863
8546
2778
5682
8453
9833
1564
3398
5904
3809
1978
4477
3455
7314
5309
2236
9897
4104
5307
8569
5199
7176
9784
6016
5031
9510
9484
4261
2706
3002
5368
3924
8635
4471
3874
4780
8086
2658
4903
2440
1475
7182
4164
1050
4552
3758
6614
1581
7818
8774
6622
7130
3057
9114
7480
4386
3942
4186
7500
5663
4116
6233
9943
8024
9168
6070
6590
7650
9487
4579
1631
3326
3749
5925
3364
1517
2462
7714
4520
1105
4885
9696
9070
6182
3915
8397
8714
1602
6919
1980
6926
1835
4446
5597
6650
3349
5477
5507
1430
3919
7645
3398
8114
8246
4311
6850
8409
7195
6162
8529
6190
4289
8036
9951
8942
1636
1006
8574
1591
9599
6051
9348
6213
3642
8394
9265
5536
7792
2155
2813
6296
3310
4242
4785
4254
1769
9703
6768
7234
5314
6516
9761
3259
7429
5842
5722
4483
1176
2090
5101
9380
6471
7353
9191
8025
1999
1484
4916
8390
2030
9171
5438
8781
5570
7357
4448
7456
2891
1274
9988
6041
9808
3265
1248
8629
9840
3536
8736
2094
6711
1206
9774
2694
1327
9925
5970
5451
5196
1915
1396
2316
1782
2417
2848
3561
9915
1945
1066
1573
7811
4011
5907
6029
8431
8138
3606
6481
9520
2894
9820
4385
1733
6769
3394
5162
2382
2725
7531
6141
7795
6283
8864
6844
7853
6851
2167
1074
2823
4589
2949
7377
3432
7119
1163
3332
8900
4958
6438
1304
4245
7416
2233
6860
8620
7680
4144
2904
3284
2492
9177
1971
7928
5250
5529
5020
8512
2238
8211
1947
5260
4542
6153
6468
3848
4335
2757
8961
2441
7250
9596
2947
9857
8122
1586
9641
6548
9308
2741
7120
1820
9758
8858
9672
6140
6862
3632
4852
2743
6347
7864
8476
7503
3848
9121
4770
9223
7548
2388
1309
7035
6516
7258
7595
8983
6846
5756
4132
7971
2870
2430
2595
9060
3897
1689
7485
8941
8038
5315
7353
7882
8274
5539
2309
1384
2383
7275
5743
1145
7280
8252
1551
3807
4985
8838
7524
3632
9462
3737
9586
7993
6671
3709
9803
5527
7018
3664
5488
7861
9885
4671
4811
2429
7045
4903
1935
4032
5901
3445
4306
8462
5614
3884
1784
2671
4561
1200
8573
2114
6894
9456
7595
9965
4518
1973
5437
7149
8379
8793
7169
5983
8020
6149
2860
6205
7401
6514
9075
3803
3993
4792
4221
1181
3066
4950
7928
9725
5784
1865
3233
6696
8644
9835
2463
6757
8059
7087
7156
9364
1550
9755
3212
6611
4323
4355
9998
2025
8044
3063
1373
4760
2102
7798
7983
4826
9579
7273
2075
9247
2865
8255
3902
1533
2854
2755
6122
3964
2880
1910
1859
3417
1769
4923
4420
3762
6010
8495
2507
8051
8967
9245
9646
2292
9017
5310
6592
4119
7305
7197
8100
6758
1787
7680
5418
6083
8933
7816
9018
4472
5882
1060
3931
4937
1478
6214
9227
1936
5976
1665
8145
1218
6282
6892
4730
7152
8891
2764
5845
5479
2270
1639
4567
4615
7341
5977
7737
8239
4934
1079
2101
3554
3470
6674
9723
6752
3616
3181
7785
1855
2974
8253
2773
8452
1004
6732
5410
5388
3327
7723
1599
9934
5370
5080
2127
7424
4537
6063
9641
9620
2912
6540
2535
3489
8639
8024
1319
9972
2255
9835
4513
4483
6287
8539
7233
9567
6858
8684
4698
5829
3496
4945
6434
9452
9917
8469
4169
7968
6309
1158
7987
9890
3010
3252
9734
7186
9948
3484
3559
9000
6575
8236
1794
8220
3653
8184
4983
1368
1920
9769
1727
3545
5727
5655
2128
7164
9995
4731
5815
6564
5410
2573
9332
8915
2346
7416
5298
9802
7906
1086
6840
4070
7950
8199
6083
3703
1564
5984
9660
1855
3098
8551
4493
8155
3859
9122
5692
4372
6453
6972
6612
3152
1346
2183
2793
3956
9798
2196
8914
5296
2179
6349
5384
7522
9017
2698
5147
3455
2326
7115
5509
3540
2625
9180
2453
4843
2229
2034
1798
1048
7160
4268
1304
2969
1925
2149
2964
9407
2720
5238
9355
7368
3387
3234
7512
4807
6605
2027
2284
2208
2996
7827
1895
1847
3689
6459
1790
4323
3836
1332
5715
5890
6275
3730
5361
7154
8402
3108
3150
1358
7972
4499
6781
5284
9250
8224
5308
5088
5263
4342
6288
4008
3780
3624
4545
9857
6857
1450
9364
3535
2462
5841
5907
3260
3857
9691
3042
9705
7761
1623
7070
7499
4216
9972
8965
8721
6161
6857
5868
1161
3411
3845
4883
9325
4486
3133
6603
2187
2852
1345
5721
9182
5988
8680
5817
2112
9756
8971
9411
5970
5663
2522
8096
8158
2373
2379
6379
6070
9997
7111
7708
9036
9821
7495
5742
1072
8502
1594
3491
5749
5114
5038
8644
9103
4822
5638
5356
9288
3669
5782
2821
3884
1577
2332
9051
6833
4093
1209
4548
1704
7711
9068
3021
3117
8967
8844
1798
4211
6102
2817
9825
4436
3051
2806
2459
1809
3339
3585
7150
2868
9701
3676
4546
5739
9254
6141
7939
2535
2510
7760
3164
9847
4244
4295
3774
4354
7817
8471
8048
7767
9506
2568
9386
3080
7346
5660
4543
1883
5739
7442
3273
9498
5460
3727
2759
4597
8747
4786
1943
7036
3969
4342
4594
3081
5073
3220
7852
2227
6592
7577
6970
4990
3388
8374
8873
9618
9250
4276
1650
2605
5548
6573
6826
5477
4240
3541
8897
5105
7004
2604
3404
3175
9649
2478
8688
6662
9802
5157
9600
8845
2074
6844
1195
3869
5330
1065
2463
4335
4645
6667
7738
6444
2932
2728
5050
4532
2624
7262
7161
9248
4610
6854
6222
3628
9032
8697
9893
3705
3728
9410
4973
4772
1577
9155
3990
2452
7711
9342
1860
8022
4377
8181
4097
3192
5361
9024
2355
7751
2131
4434
3683
4204
6680
8372
6783
5901
8379
6193
7811
6459
2499
1870
8551
8406
7519
7592
9690
6914
7487
5696
3730
9103
8346
4681
8874
1292
4444
8452
8089
8477
9575
6818
8088
3995
6864
3030
2096
4331
4594
2694
1506
2174
4311
3295
2596
1569
8600
3999
8525
1575
1017
3898
9872
5720
9361
5783
5646
3485
4255
5308
2278
4751
8673
9466
3722
5187
9455
3440
6431
9954
9091
8242
8420
7150
2664
8621
2533
6218
4272
4619
6390
1777
4772
4606
4790
9312
6852
2673
3086
7356
1261
1408
3269
8955
6643
6912
8288
9060
9193
9070
9467
8199
7996
5628
7618
7451
2742
6403
1494
1319
5510
5139
3729
6668
3671
5498
3149
4120
5727
1950
1878
5552
5828
1850
9583
8088
9605
5928
9501
2886
8249
4526
3233
8938
2159
8574
9806
2024
8577
3982
2012
8030
5279
3989
1889
8319
5808
4046
9647
5273
3301
6849
6008
7792
6883
1911
6028
1525
6917
4972
1482
7314
2945
8173
1416
5357
4252
9870
4045
6787
6850
2492
3120
4578
2855
6342
4578
6125
3246
8084
7355
5485
1537
3040
6233
6859
3847
8152
1654
5732
7030
9831
7102
7595
4618
7074
3940
3939
4983
2215
8865
5187
9904
6345
5789
5184
8537
3882
8817
6544
8308
4371
5930
6708
6654
5867
7038
4007
9331
9209
2345
5625
3277
2850
8482
2646
1045
7579
6745
6245
7227
6716
9418
5875
6518
7499
4630
4297
6262
4773
9729
1447
6247
1836
3782
7843
8424
3938
3107
2369
5573
3947
7818
4366
8827
3643
3079
4069
5140
6942
2261
1816
4494
9673
1461
9811
3769
8549
4086
4788
3495
3976
2573
6089
8352
2852
2381
4832
6410
9940
7998
6581
9146
3448
5582
2649
1249
2001
4505
5463
9327
8015
7007
1967
8983
6466
6368
7439
9091
1470
9290
3123
1753
5538
8478
7177
3123
6266
5464
1476
3379
8044
1431
9266
5469
8917
9429
4607
1303
9359
4761
5809
9371
7272
1758
5531
3833
3165
3887
6390
6976
5953
8686
7154
3177
2546
4665
1614
9515
3052
7426
6265
1692
5202
6859
8845
9091
2157
1610
1847
4494
4749
6653
1517
4588
5928
8249
7926
4356
9324
7828
2028
1003
5992
3994
5965
7819
7769
4256
5276
9997
4821
2401
9117
5292
4305
3191
2962
7119
7598
7382
8253
9932
6324
8046
7045
2522
7385
1516
1853
3208
9911
1514
6647
5911
6448
6444
7081
3548
8591
4727
9866
2127
8844
5658
1573
5392
9308
2416
4734
7107
4262
4470
1767
4372
9098
3642
1670
6916
2605
8495
9047
3953
5871
6533
1477
9264
1454
9028
7787
3054
8828
5294
3202
5801
1702
5480
9708
6094
4607
5802
3438
3376
8866
4646
6723
4139
5235
4983
6645
5365
4916
8143
7509
1896
3129
1899
5757
4821
1351
7424
1637
4527
4221
6012
9970
4244
5365
7473
2029
6686
5492
5506
7652
2882
1116
1800
5070
7023
3210
3263
3632
3069
4269
7047
4691
7378
9243
4936
4674
7664
2002
9547
6172
8302
1697
7353
5453
1517
2471
7469
6261
8118
4370
5378
5359
2353
3170
1776
5489
1471
9750
3341
1455
2130
2071
1232
3791
3418
2273
9829
5679
7438
1497
3470
9809
1633
1746
2185
6421
7185
9842
9023
5625
3801
1789
9791
8756
5346
6150
7956
6931
2694
5789
7420
3010
3193
9738
4839
4419
1836
4334
4237
9567
9646
2047
6648
5966
2454
7980
5640
7251
6528
1976
1369
2749
9464
4327
8297
2217
9459
2013
7839
2082
6480
1472
2400
2974
1286
3176
2632
6644
1521
6497
1258
7612
2487
4320
2274
2220
6129
3203
3244
5286
8007
3744
4364
3655
2844
3775
5022
7956
4168
3552
2628
1779
8781
5411
2237
7067
7566
1047
5628
7837
5348
4722
6922
4813
2813
2107
9107
8364
1021
9047
2426
1400
7604
1328
8447
2762
8665
6371
2535
8629
8601
8664
8290
3958
3848
8791
6542
7578
1585
1242
1023
2995
7571
1820
2929
5765
7301
4710
5156
4209
5333
3222
9497
5127
5537
6076
5622
2962
8601
9968
7398
2487
7829
5573
4323
2179
3288
8315
4859
3906
1291
5123
7132
7715
5041
2715
1477
8817
5868
3991
9515
6500
2602
3235
1360
9558
7916
4065
6161
6497
9408
7991
2567
1384
7340
8696
1806
6612
5775
9995
5950
6892
6926
7924
9739
4300
2184
1496
3534
1302
2533
6052
9784
4610
9055
3949
6999
2905
6816
3897
2246
3120
9194
5510
3471
4835
5513
9395
9623
2772
2744
7032
3183
4177
5643
5833
9670
6737
3607
5799
1197
5356
7937
1024
8804
6833
2757
1807
5090
8993
4392
1625
8846
4695
6530
7534
2176
9606
9773
6250
4668
1791
5192
1458
3505
7945
3020
8175
7249
3073
4062
3946
1533
2063
5107
2240
1328
2979
3950
7818
6475
5726
4388
6425
9169
2507
5349
2915
8368
3844
7795
5594
6410
4156
2341
8052
4541
6342
2323
6944
7108
8806
6656
8439
4603
3062
7542
6955
9272
8830
5396
7017
7591
9097
5887
1312
9540
2459
5193
6914
7429
5112
8542
6501
3432
2707
4174
1354
1113
4407
9438
5309
9852
6625
5867
5570
1764
4625
1916
2825
5284
1246
2411
4534
4422
7169
1453
2194
4318
6950
8742
4352
7993
9015
2754
9706
6624
1758
1608
3387
4255
8582
5556
9474
1705
9311
2343
5200
1459
4482
4418
1419
8708
7749
7558
5729
5778
6786
9478
5196
2634
7448
5884
9517
8313
2846
5605
1888
6303
4789
6621
4137
7828
6511
4617
4602
1285
6446
8338
2738
2677
4735
6612
9064
8119
7595
3309
1433
1190
8184
8582
4403
4188
5925
7335
4830
3961
4771
1984
1579
5214
2360
4717
5546
9403
7184
7646
2113
7453
8251
3585
9317
2319
8697
3732
1348
1190
5026
1173
7820
6823
6099
7213
9407
1998
9274
7583
6862
7995
4281
8133
6043
2417
1478
6367
9270
3431
5065
6813
4111
2148
3164
9967
7516
3329
5723
5383
4239
2818
4162
1998
9080
6542
5766
4753
9207
5896
5449
6892
9831
7922
8343
5696
4064
2390
1302
6704
5283
2204
7812
5101
5819
3536
9785
6554
3390
5653
5981
5553
4704
7662
3136
7380
7900
5924
3532
4207
2576
5671
1610
4665
1905
7536
1725
1632
5446
5737
5982
4728
9396
7027
4067
4288
5826
2508
8758
3391
4282
4138
1565
6524
7253
4778
7324
1970
1882
7807
8330
5805
6048
8348
2341
3422
6982
1983
3910
8638
9647
3238
2111
7536
4369
5883
4869
8259
6741
8306
4599
8300
7829
6706
3072
8238
8752
3885
8172
7862
3746
2130
7397
5339
6451
6570
3451
6808
2767
3305
4385
4182
4160
5155
3765
1442
5870
7458
7431
7041
4631
7433
3746
2032
7593
3449
2402
8233
4060
9175
7400
5406
4472
9196
5358
7253
8139
6082
8157
5220
5923
2688
6528
9352
4118
4541
5845
8032
5392
7183
2395
6659
1950
1516
9677
1127
1550
6769
6439
3790
4498
8914
1846
8439
2356
6869
6612
2794
9810
4498
8570
3097
3846
6398
4519
7385
5843
3071
7074
3526
2331
9999
6279
4148
4821
9297
3385
6732
5657
6003
8354
5364
1058
3825
8651
7908
1562
8421
5637
4196
9556
2127
5198
4690
6555
2638
8850
3264
6410
9769
6193
2243
3324
8008
7727
3748
3947
1219
7212
5499
6913
3688
4070
2080
2416
2149
2101
4144
6536
5129
9746
1481
7121
8979
4904
4793
8498
8220
7742
6989
3364
7244
9496
6055
6565
3124
4216
5434
5279
1232
3932
1127
6664
8506
3067
2571
4182
2481
4706
3493
7687
9142
1737
5804
7355
1527
8250
5157
5742
4705
6257
7708
5408
7159
5498
5849
8093
6556
4989
3183
6186
4437
7721
2398
7543
2715
8522
5824
3493
8852
8181
4919
7410
3925
6643
2363
3573
7364
7192
8095
4119
4855
6662
6750
7282
8218
9887
5772
7459
1547
8836
3830
5869
8627
2881
8490
4645
3393
2862
6624
9982
2652
1735
7558
9248
5283
7452
8745
9404
8792
7752
8243
2083
2908
4820
4499
4416
9017
9244
4175
2116
3456
9158
8590
2699
9785
8120
7101
7582
8253
7402
7553
1366
3591
8122
4705
7707
2333
3344
9170
1306
7402
9441
6718
9970
3790
3366
6602
6424
6696
5490
5846
3523
2706
7080
6308
6828
6471
5018
4927
8530
6940
9145
2728
7460
8034
7090
7737
1024
9548
5494
5741
6661
2906
4063
2052
6342
1200
4409
4503
7947
2464
8110
5204
5271
7220
5201
6219
5117
4820
4667
9043
5137
4930
2893
9812
6067
5060
7078
4972
3968
8536
4196
4454
2642
2514
3815
6124
3418
5363
2829
9142
8110
2326
3989
5709
4382
8351
2704
9981
5822
7859
6519
3699
2360
7000
5665
6269
9216
1618
9680
5969
7707
1777
7811
9181
8948
7193
8038
3801
8410
2136
4332
3852
8033
8862
4321
2582
3754
8015
8507
6877
5034
1862
8163
8881
3201
5093
3877
8138
2057
5031
5390
5835
1793
8634
6487
7668
4814
5993
3929
2276
3093
1510
4110
5623
4311
1136
1909
7570
4533
5475
8942
4964
6637
9558
4381
3595
9946
6096
5776
1733
3066
7344
2509
9614
4191
9656
4496
8241
6438
3227
1285
1145
7160
3288
6014
1729
1565
5671
7619
9886
2335
3613
9032
2998
4366
7528
2108
4754
7624
8385
1405
7614
1629
5828
2400
1839
5102
7203
1281
3695
3643
6673
9581
6562
3290
1996
2096
2950
8366
9748
7948
5624
4759
7645
5464
9095
8307
8746
6820
2923
6470
6355
8213
2661
5710
8955
1906
6761
8427
8314
5582
7353
6738
5647
7464
5433
1296
9074
4333
8320
6732
1611
5877
1493
9575
6983
2980
5696
9550
4464
4737
1657
1144
1077
8277
9526
8223
5497
1152
9501
5277
1746
4848
4633
9994
1430
1386
8571
3642
5228
8575
6287
8992
1808
6571
5518
1732
2317
8322
6301
9602
4311
9865
4305
4725
5038
8716
6158
5356
2940
6544
4430
5751
2077
9548
8090
3607
2573
2501
1638
8722
1196
3552
9129
2698
8055
5620
3847
3136
6424
4257
3112
9505
7408
2339
1331
1613
2010
5022
7070
1517
7173
9379
5899
1579
8977
3915
7368
1104
1069
8573
8044
8139
5795
7575
4180
9646
5953
6179
6651
3525
6360
2461
5946
5139
3287
9950
2565
2507
5763
8187
4535
1943
7255
6301
7813
1764
9831
3351
8176
5370
9136
2178
8066
3212
2134
8896
4268
6586
3189
4071
9644
7868
3585
3422
7062
3987
2520
8387
1551
1838
4090
4502
8685
4091
6274
2064
8770
9110
1560
9321
2282
9974
5927
2142
9936
8907
9968
2429
5482
7298
8499
2589
4040
3065
3594
5939
8053
9100
4144
1870
3258
5578
8590
2839
5106
1803
2371
8028
2698
2082
1467
1776
2023
6647
2398
9281
1780
7349
3976
1510
2152
5566
6936
8320
7581
4576
7086
4947
5008
4683
4414
5820
4861
5167
3040
8411
9694
6848
8381
8952
2431
9649
2806
3760
9431
3304
6030
4032
9178
9849
3833
2692
5408
8850
9096
3314
8137
4460
9340
8925
2053
4904
9300
5345
6408
3181
6133
4500
5698
1905
5079
2739
3002
7721
1688
1454
9402
2617
4815
9432
7057
4130
8539
4242
3895
2566
5729
3659
8730
2643
5001
9540
5686
4164
8951
7514
8882
4789
8393
1973
7287
1431
8805
1335
3369
4479
6111
5217
5140
2403
1536
6430
3405
5382
1356
9316
6453
3661
3851
4727
9698
8554
9899
8275
5097
9975
7654
3046
9882
6715
5210
9026
2093
7785
9043
7338
7783
8825
9351
8519
6863
5985
6272
8066
8451
3607
2274
4798
8171
8230
7098
1949
5138
4164
9262
4698
8420
3591
9600
5137
3111
1658
2500
5042
4125
6300
9681
4996
4702
4623
6170
8333
6845
7040
7373
2610
6176
1842
5585
4904
7706
4895
3224
8896
1033
2420
4205
1131
6170
6977
5057
9590
1700
1550
6434
4013
5205
8348
7769
5457
5542
2916
2666
3186
3385
2165
1262
1073
7964
2122
7408
5272
1179
3466
6537
1570
4117
6633
7117
3698
2037
1372
8470
9489
1901
5905
3690
6352
8142
2148
6233
9624
9383
4922
1998
5198
9427
9530
6502
6925
6147
1488
7080
5065
6478
2201
7001
9439
8907
6967
4234
5127
7344
9430
1634
9165
8091
2634
3802
9239
4996
1211
3037
7327
3363
7654
1436
2992
2930
1483
4987
1555
2745
3536
3577
1257
1774
5439
8135
7843
1305
3269
4294
4637
4982
5008
9160
2000
1797
7489
3932
3033
8261
1309
2187
6978
9485
7478
3467
7570
6284
8292
6563
5853
2990
5518
7245
6123
6686
9185
6129
2674
4311
3793
9574
7877
6743
6330
5865
9744
2617
3173
7096
3050
3919
9487
7858
6981
8007
9085
6931
7010
6461
2392
8341
8180
2251
8156
6547
2835
5901
1406
9103
9476
7570
4685
3898
4620
3689
5063
7093
4525
5532
3719
1747
7088
5254
8362
8354
3416
9574
4382
9106
5735
3627
3763
1722
1049
1067
7701
8077
3145
8365
4392
3289
7424
4850
6872
1669
4674
1127
4094
3778
5545
9655
9972
6040
2192
5988
5024
7607
3824
4798
4928
1171
5063
8484
2955
4417
3992
7357
2338
5692
2672
2618
9873
9462
2644
4774
7755
6422
5297
2499
2295
4179
5574
8331
2928
9754
1748
4272
7404
9834
6897
6294
5863
2553
3602
4592
5647
2078
6039
7049
2309
3307
6405
5328
7331
7766
7647
5038
1556
5961
1232
2822
8322
9378
4484
1325
8985
1892
1306
7635
7493
4690
1603
4269
8125
9001
4783
2708
5108
8337
2422
4555
2370
8050
6390
2213
3509
6513
3357
6278
1108
6657
4017
6484
9291
1088
1458
2146
6398
3160
6328
6582
2343
4031
6197
9224
6859
1637
6667
4377
2096
8796
4706
7371
3476
1238
8123
8496
1261
7912
6703
9020
1388
8344
4841
8774
5747
6582
8496
3864
7566
1436
1183
9289
5903
4263
6989
9850
9051
2316
1885
9557
6891
6480
7447
4312
1449
2781
4725
1165
6569
5680
4412
5537
9041
2513
7745
9999
9971
1365
9788
8289
3832
8579
7715
5786
4166
6114
5368
7859
1873
9985
7590
3305
9755
8363
7061
8152
9695
8333
4349
9493
6314
5765
4391
1196
2047
3958
4437
4853
4020
3468
5188
6556
7917
4123
5289
2672
4566
7000
7340
5668
9582
7170
4141
8970
4020
8951
3188
6588
4450
5752
3793
3158
6122
5310
8285
9117
7864
1756
9509
7799
7680
1976
9735
4380
8201
9666
9533
4236
4235
1214
3749
7888
8103
6839
8099
6312
6396
4564
3588
1144
6283
2933
7828
4127
2165
3953
3919
6053
1808
1810
3727
2613
2430
7779
8349
4005
6496
7187
8654
5064
3534
5378
5273
9100
1866
6573
5943
1814
6723
5695
6008
5257
1710
7272
4304
3704
9188
4169
3757
3650
3982
6659
7288
5798
7926
5313
3048
5900
7580
1052
1399
3418
1661
7822
8415
2546
2603
8467
6953
3651
8644
8537
5673
1617
5362
9904
4046
1885
8802
9467
3191
6553
2390
7748
4784
5392
9913
8067
3788
1806
4709
5479
8312
1901
5835
3191
4857
3632
5100
2024
3433
7314
2415
4332
6955
2388
7761
1154
3296
1044
9711
6471
5192
6396
1796
8965
6342
1570
8930
6389
2932
7845
4913
9533
6325
8183
4733
3228
6359
3586
8870
1270
6756
4243
8918
2370
4144
1064
9558
7445
1514
2414
3249
1106
2680
6481
9892
6711
3526
5548
5851
7469
1495
5636
3343
2415
2880
3214
1652
9627
1776
7919
8961
2028
7855
7232
9077
8517
2892
2427
8666
8586
8735
9255
9208
3405
9053
7218
7515
5448
6672
8364
2060
6307
9573
8819
4843
9805
9218
8314
7791
4927
7094
8898
5384
5707
8987
8794
6191
6431
8942
8141
2806
9104
3110
5716
3580
2566
1899
2857
6475
6052
7300
1183
9351
7109
1535
2267
4423
2702
1380
4032
6820
7831
3191
5087
3795
3433
8164
2079
7951
9740
7137
6855
9336
7107
2760
5431
7954
7897
9087
4850
8361
3314
4158
3392
2943
9223
1005
7615
7581
4169
4065
7025
8901
5352
8415
8597
1111
4373
1370
5206
2242
4558
5708
1913
4473
6918
8297
4562
5483
5033
1215
5312
8489
4275
2537
8080
8410
2755
4370
9401
4100
8670
4805
5926
9452
2944
6217
8241
5201
5649
4928
8592
6010
7463
1534
9888
2635
3012
7713
2685
9456
6301
3170
2986
7959
6193
8670
5551
4676
8926
4004
7161
1989
8335
6490
2286
8311
3848
2258
6082
4460
7518
8426
7930
4278
3905
3149
6771
6556
4488
1488
2150
7891
5826
5259
2020
5192
8791
8114
7946
7315
7497
6627
8539
6743
8934
8165
3592
3487
2210
6697
3941
3996
4134
9357
6668
7583
6189
1856
9565
8190
5664
2160
1507
8287
4532
1910
9913
5459
8403
7968
6725
3300
9800
4099
3051
4930
6366
5682
1145
9109
5643
6924
3502
8179
8071
7650
1924
1522
8758
5070
7683
2043
3447
6076
8233
6272
7338
7369
8043
2755
6616
3567
7545
2556
6816
8380
7272
8493
9840
1891
2219
8441
5270
2512
9539
3798
6352
9151
1302
2685
1730
3852
7115
7168
2038
4919
5220
7253
5045
3497
3090
3090
2477
7848
9650
7942
6901
1530
9397
8048
3387
7176
6170
3438
3471
1817
3500
8401
1207
6161
8979
3461
8645
3280
3003
3556
6831
5571
1017
3494
9196
3864
8751
7258
2914
9927
9777
4553
7297
1446
9045
3926
3555
3590
1527
9848
1659
6404
9798
4172
2766
1821
9475
7112
9004
2777
5030
3009
3317
8695
6469
1598
5831
4860
2734
8367
5531
9442
8731
8699
9084
4288
3373
1385
2292
5803
7060
1406
4901
7061
1717
6685
1080
5729
4271
1899
4899
9133
8524
7660
9859
5978
9170
8147
9842
6033
1559
6940
6037
7975
4135
6894
5219
3382
8839
5348
3590
7389
3597
9847
6056
6346
1894
7279
5217
2236
3868
5987
4616
3115
2648
2840
8953
9432
9029
2906
6339
6554
7008
6851
5733
8215
6995
2201
4019
2356
8786
2907
1303
7538
9270
7192
5433
8525
2911
3165
8560
3369
3757
2050
3591
3665
5656
9621
2992
5548
1881
3804
5532
1967
7379
8028
9374
8061
9339
8613
7974
8481
5163
5097
1033
3271
2124
1359
7334
6360
7943
3693
7701
1351
5841
2925
2014
6401
8672
5004
7980
7338
1484
2326
9952
8224
1089
2423
7538
4132
6703
1398
9465
9040
9655
3882
9623
7956
9000
7411
7862
8705
2514
4920
2269
1221
4655
8080
8054
9635
3139
9238
1765
8002
9004
9994
9179
1708
1264
5310
5849
5487
5949
9123
4224
8046
5552
1651
8796
2855
1390
7483
5845
7916
7863
5865
2762
1728
3250
3233
5810
2358
7207
9784
3702
9378
9743
4785
8553
3144
1339
8794
2935
3360
1023
6630
3175
7237
1587
6884
6485
2370
2183
6863
6519
9105
6969
1301
6004
9010
6269
4476
8563
4916
1956
8361
9334
8013
1135
6677
6057
4432
9122
4403
9331
6213
4336
3476
8990
4190
8881
6408
4813
7788
7389
6939
7964
9032
4164
1048
4757
6955
3195
5014
7202
4634
5458
8524
1687
9795
3673
2504
4548
5076
9597
5519
6366
7922
8360
8288
8635
6400
6839
3701
8379
9376
4508
4249
5171
3849
1514
5226
8097
9442
1708
1836
2237
5008
7171
4171
7216
7566
4639
4835
9675
1809
8527
3178
3963
3777
4538
4181
7688
7363
1009
3345
3753
4194
1452
9080
1545
4967
9093
6518
5018
9809
8005
1308
7227
3149
8136
2018
6839
9592
7530
2978
1168
4486
5548
7032
1889
1154
1022
8273
7285
5288
3318
5024
3219
2502
5078
7137
6402
9387
8251
2055
6998
1923
7809
2321
6942
7490
1157
2563
7223
6634
1896
1326
7936
9366
9225
3051
6069
1388
6924
6999
5121
1173
8597
9904
2360
7277
5774
7063
1911
6152
9875
7305
2074
1199
6041
7188
1890
3329
9727
9658
9354
3433
2393
8286
7082
1312
8010
2945
8143
3314
3404
5782
3828
4338
8105
4683
9254
5569
3770
9646
8850
4769
4228
2709
1859
8329
9731
4311
7775
5051
9287
6507
2388
2548
8569
6684
7642
6198
8809
4535
2938
4790
4737
3933
9231
7801
8903
3516
7815
6798
7511
1470
9090
5128
6839
3926
9142
7258
8173
8465
9257
7386
4735
8022
7328
6964
1081
2393
1358
5488
7232
2538
8415
3090
5689
5209
9448
2013
9310
6223
7451
9912
9879
7413
8624
6902
1540
8745
3188
2821
1519
4606
5794
8246
8076
1884
7351
2837
5927
6230
1948
1980
5745
6162
8061
4628
8647
4686
7872
9698
6042
6905
8892
7461
3033
1072
3574
3983
9073
5913
6613
5227
4205
9243
6089
2577
7005
3474
9273
2618
7737
7710
7391
5232
9125
6212
1682
5902
5048
7661
3155
3120
2355
8774
7250
4655
1526
8566
9290
3978
3287
4285
6412
2229
9560
1072
1953
3544
8575
2164
1344
6186
2686
6274
1665
4312
3379
7016
1967
3743
7725
9180
6785
6314
8999
7709
8722
9849
6220
9041
6110
8514
6365
8111
1453
2775
8958
6869
3209
1612
3070
7709
5435
7676
1647
5788
1282
8306
7762
3229
5422
7039
6010
6986
8472
2333
7111
6498
3804
2121
2753
6297
6173
6096
6223
2569
5213
2987
8595
9064
6321
1573
2974
2278
6193
4399
9989
4211
4613
9850
9297
6006
3974
9444
2603
7789
9266
7332
2311
5494
2777
4059
6720
1663
3130
5689
1589
8574
4525
2440
9343
2968
2926
5047
4587
4185
7840
4696
9732
2551
8312
2245
9804
2159
9523
4701
7766
1606
8182
4691
2218
2295
4998
9229
8293
9014
7039
6224
1558
1955
3714
3738
2762
4861
3438
6597
4571
3670
8772
6937
3393
3164
7146
4775
9104
4641
4565
1649
3942
8431
7849
6246
7515
3801
1907
1525
6132
1436
4525
1469
7240
1351
6862
1918
2628
2520
4961
5068
7696
9645
2453
3828
8967
8774
7322
6409
3164
6085
1360
9926
9938
5349
8753
5165
7575
5450
6661
8260
8302
1314
5982
8221
1948
1559
6588
5258
4712
6625
5222
7296
8003
5788
2077
2185
3010
2094
4889
1898
9025
3445
9312
8047
6785
7077
4774
7762
9637
7995
1206
1306
5092
7276
4591
2956
1238
4560
4730
1611
3538
4076
3373
7459
8495
3014
9255
2646
4892
1811
7928
8604
8925
9551
6034
3105
5422
3308
5368
7030
1083
6422
2943
5938
6890
3025
1245
3800
7940
6390
9342
4152
8402
1041
3183
1882
4591
2596
9249
6298
7291
9385
6654
6079
1633
6773
1501
3164
4152
1314
5043
7556
3764
5648
2721
7496
2790
6922
2479
7176
7371
4250
4175
3312
2888
4699
3862
1214
6322
9133
9382
8473
9099
7826
3047
9158
8996
2738
3247
8884
4250
1518
7844
2789
2931
7499
6276
7657
5919
2060
7010
1964
7964
6675
4724
6577
4297
3922
3254
3801
5041
5958
9079
2811
3556
6548
9939
8948
2926
5147
2620
8464
1885
3937
8572
6401
5869
6527
2383
4217
3409
4239
4072
3014
4513
7589
3670
1839
6231
5578
8271
9844
1866
3208
5109
4599
6754
4910
9845
7381
7619
7375
1178
3097
1229
4560
4675
3453
5363
2306
2618
3453
4768
3412
4618
9466
4169
5143
1456
1152
2001
8698
7545
5515
3589
7360
3088
6463
4277
6076
9591
5505
6500
3231
1597
1768
5150
8229
9694
1447
1521
5568
2484
6326
7324
2453
6595
6096
8671
7988
6843
6850
4337
4289
1448
9926
8121
4501
1653
2694
8551
2088
3062
3329
2694
1616
9770
2730
3283
9268
1305
4608
6577
3840
6112
9873
9126
1977
6771
3843
7782
9455
3720
7472
4587
5378
4514
8232
2839
2277
7297
2511
6258
2455
5986
9726
3187
3113
1952
2402
2248
2936
5968
4951
5504
6248
9219
1501
5288
8440
6895
7742
1565
7628
2496
7400
7928
5561
4135
9314
9659
8298
5979
3358
3541
7997
6353
2718
2613
4280
7013
7590
1530
2124
4435
7098
1382
7127
7865
1532
9751
6383
9239
2202
5678
6828
5249
9642
2974
3322
7458
3013
9750
6790
9008
6424
3104
6056
6822
7403
3367
2602
6898
5837
1517
6510
9003
9031
1602
9120
8319
7359
7940
1440
5452
8601
4791
7889
4844
7548
7577
3627
3772
4951
2142
5985
5937
5833
6992
5123
3162
2967
2921
4870
2619
9353
8067
6665
8528
8394
8782
2137
2011
4486
2229
9806
2901
6587
4897
7933
4036
7053
7734
8704
7574
9545
3232
9608
1475
8350
6365
7137
3047
7296
3901
8353
6957
7353
8414
7926
5716
2417
2364
4191
1177
4923
6678
3220
2121
9373
1349
1990
6103
8112
6324
6538
6053
2625
5708
8381
4581
5921
3090
3141
1412
4483
6529
3053
2390
3017
7832
5689
1393
7840
1502
6455
5707
8755
8066
6434
2963
1851
7739
5802
4917
1910
7225
7970
7629
1620
3824
1728
3025
6886
1153
4672
5065
5197
2159
5473
6835
7928
9019
2479
1650
9673
6277
6710
3469
8218
2397
2438
3385
1622
1848
5881
4093
1621
3669
6814
9265
7214
4951
4331
8904
3275
2851
9497
8054
4808
9607
6161
4474
8344
3851
4735
4766
3284
1022
8490
9876
4590
9617
3243
6134
8415
7832
6109
7283
8780
7952
2076
9755
4026
4829
4400
1292
6861
5341
2510
5817
1579
4441
5683
7656
3581
3025
7945
6821
2748
6859
1293
8320
1887
5695
1653
8064
3379
7792
9228
7835
1626
2772
8874
1109
9175
7180
5264
7095
8857
9376
1917
5597
1517
2191
4195
9046
6500
9679
2527
1270
2298
3085
5651
9861
8373
6787
2606
7706
4212
6297
6344
6990
4760
9958
4836
2556
6769
3903
1542
5183
4010
6383
9370
3996
8216
9014
1904
8967
8634
3074
9835
1274
8361
1278
3868
2795
4788
1827
6742
4340
5956
5621
8290
4156
1190
6309
6551
5855
7909
8530
4012
9126
6449
6796
3349
2284
8385
6203
3035
3658
2958
2827
9769
6452
7218
5855
7742
2405
8723
9602
2415
5379
8666
1523
7388
6747
3188
8011
4100
8670
5213
6359
6420
8544
1701
7080
1232
8105
6385
8294
1167
2102
7731
8067
1291
1868
4649
7632
4802
3811
3822
9992
1344
4456
8410
8623
7851
2088
9368
3709
5680
6262
7171
6408
3894
5649
3642
3737
3188
9771
4557
3092
5338
2873
4598
8505
6598
3087
9615
1203
7430
9353
3611
1407
6286
4745
9384
9421
4718
3531
1382
4020
5140
8655
9788
2700
7217
7409
7771
6915
6142
6939
3094
6614
1604
3812
6618
9933
8008
7968
1658
3305
1985
4722
6299
6826
6464
8717
9959
3258
4729
3613
1966
6334
1240
4558
8989
1517
5444
2980
2713
5760
6592
2665
2474
2832
5622
6926
9395
2043
9539
6628
5820
2765
3587
1423
6339
9156
3504
1825
3663
2999
7996
2984
5904
5786
4000
9418
7901
8259
2475
9293
6977
5262
4833
1081
6030
4813
1607
2642
2906
9968
6864
1156
5252
7777
3667
4464
2368
3842
3586
6057
5052
5863
6954
7864
8559
8984
3873
1577
8917
4795
8656
2564
9161
1826
5897
8469
8069
6255
7826
4971
6305
3309
6775
1384
7095
7665
5831
4344
3419
7847
7447
8065
2003
5788
8447
9974
6884
2294
7806
3844
5847
5534
5563
1247
1808
2891
4503
9075
8746
7208
5738
8637
4481
6102
3026
4110
5337
7481
6591
4128
4517
5213
5326
3102
1959
9423
6127
5544
1832
3930
3802
5784
7028
7508
3881
5293
9000
7440
2114
9313
3416
3072
6786
7749
3196
7001
9234
8963
5326
9419
5498
4292
6175
4904
6749
6168
6221
6558
1166
8012
2649
2048
8443
1313
6272
8260
8282
6245
9968
2454
8479
7962
9561
6785
1897
1836
1757
9455
8800
7628
9087
8141
8194
2309
4535
3860
8208
5121
8653
1993
4029
8455
7034
2912
3593
4938
7301
9623
7075
2000
8670
3487
2263
3750
1679
1925
1486
8623
6881
9759
7294
8055
5085
1108
7255
8868
1471
4506
4494
4576
8344
6160
9156
7606
9389
5769
7338
9584
9862
6316
3009
5101
4453
6405
3633
9952
7815
6612
3652
2992
8819
2923
2661
8236
1098
2134
1119
8300
5788
6816
6173
1073
7191
6340
6216
6597
5658
6842
3632
2116
1892
1825
3010
4684
7681
4267
8370
6854
3228
5172
8485
7826
8175
7659
4588
7307
6433
9184
7680
4209
4225
5838
1691
2654
8610
4198
1132
4076
1699
9120
5778
2368
5986
3965
1769
5804
7549
5692
6236
3731
9263
9379
8655
7374
6766
9945
2998
1780
1058
9933
7112
3676
8394
8634
1431
2558
9018
1852
2268
8330
5955
6731
4678
4511
4386
6883
6211
3236
2678
7398
2035
4915
1437
5039
3374
8343
3926
3725
5332
9759
1938
3536
3430
1353
7821
2416
4103
9540
4607
3091
1167
8758
5245
4854
1579
8398
8690
2944
2019
5556
4552
8892
6275
3400
8860
8876
1413
2021
1025
7934
1363
4225
6616
7071
2538
7100
4944
5858
8676
2542
5139
9059
3562
7053
9414
6742
4914
5843
6089
5402
5625
7479
5487
7602
4220
8225
5059
5218
2690
2015
8813
4070
6356
2485
1529
6302
6327
4967
4398
7721
9547
2212
5465
7152
4017
1281
2359
9028
2141
5588
1174
3258
5022
3023
7037
5973
6827
9734
7450
4029
3172
2178
9859
7641
6223
7338
3134
8405
5108
1441
3347
6305
6035
3543
3810
5203
9785
4357
3720
2309
1424
4013
5391
9847
2414
3688
6860
7454
9401
8401
1781
4974
3907
8812
4656
5119
9986
4977
2060
5863
5335
2062
9915
9662
6428
3532
4669
6180
6527
7587
1180
3135
7713
7568
4278
3804
5944
6155
4593
5588
7094
1921
3740
1028
2042
2937
3480
2783
6270
5376
8273
5171
4865
7378
9767
6658
9044
7534
7626
2755
6285
9139
5700
3841
6942
3131
4061
2930
2919
4828
7887
6512
4486
4020
8856
1716
5775
2333
5984
4660
1490
4218
7644
5810
5922
9122
8775
8095
7575
6336
2517
5769
9803
9679
7716
6284
7709
4286
4854
6795
7294
4259
2814
6452
8223
9812
7083
8592
3074
7386
5285
3697
9068
8221
8322
3917
6787
1876
9696
3805
3441
8921
6453
5844
1290
2837
5936
6066
7524
5163
3244
7269
4581
1197
9154
3586
6534
8938
3527
6568
1235
3467
6031
8099
7348
2325
2495
2752
4615
1561
7176
4396
2108
9884
2464
7411
5626
6602
5123
6478
3231
7875
5321
4581
2937
1261
3838
7607
6572
4402
8162
6709
3215
2516
1285
2161
5681
5211
5476
8931
7703
3873
1293
7933
4797
1101
1039
4143
5033
5695
4139
1871
2893
1881
6229
9103
5856
8294
5559
6973
4727
2154
2921
2819
1785
7717
7532
7944
1037
9193
9163
9509
3686
3297
8128
5620
8350
3805
8385
1690
1387
3059
5160
1527
9438
9406
5419
3210
7010
8131
6333
1760
8492
5115
3368
5183
7860
8728
7838
8912
6221
2424
1680
7231
5145
5967
8542
1711
5041
1403
4742
7321
6533
1042
3856
8414
8193
4411
4167
5368
2499
8210
5892
5599
4608
2861
5371
7043
7700
7854
4116
8778
7088
6083
9233
5925
6233
1550
5424
4722
3016
5553
4815
7754
2180
2849
5010
2568
5916
2480
7455
9621
6684
4232
2322
7016
6273
2580
9325
6774
8811
7388
2617
7804
3983
2060
3820
3239
4786
7816
8579
3099
6564
2470
9853
7873
9336
7648
7242
9388
6698
7232
4595
9952
7226
7667
3555
2321
7179
1382
2499
4955
1469
2730
1032
2248
3754
3613
8951
3310
3925
9624
3003
2159
6383
9979
1064
2843
4445
1153
1129
9340
6739
9300
9065
6972
8504
9833
2775
1693
1607
8668
2037
8042
8706
5437
3873
4756
3034
7203
2928
7999
9175
1893
9265
5091
3614
2867
8099
4303
5808
5657
4167
4969
2962
3127
5279
6264
9239
6017
3950
9125
5434
2287
4026
7432
5299
8549
7130
3447
7322
9343
4139
8603
5118
1885
8378
9279
6305
7457
9378
5691
8949
4262
5334
8505
2656
2601
7365
3167
5507
2476
6572
5867
3896
4320
1368
9334
7982
7853
4280
1476
6666
5837
6242
1583
6964
3871
5682
7627
7379
4943
2556
2538
8361
1501
6431
3560
4933
3898
7546
6779
3382
4906
9132
5201
1500
6073
4432
1820
4586
6291
1741
8252
2346
1385
9050
2772
1565
4769
2980
8858
3526
3461
9565
5056
4449
1136
2239
8378
2589
9797
9369
3944
7086
8274
4130
4956
8364
3272
5541
7175
8510
3493
7061
2561
6723
7916
2901
4739
3396
8544
5550
2542
1029
2203
6326
6399
3300
6542
9259
8202
1947
5041
4899
4941
7450
4000
2636
6909
6518
7044
3958
6349
6538
9105
4864
3946
8013
3539
8748
3214
6551
7772
5655
7830
3406
1444
6220
4567
9062
4816
1096
4285
8325
7210
7029
1157
8882
7309
3899
4419
1983
8370
6617
6251
7635
4750
1861
1566
1534
3208
8697
9956
3654
5037
6914
9966
7870
1303
4460
8778
4569
1007
9427
5544
4193
3752
9006
8914
9280
7250
8011
7400
9684
1169
7893
1224
9849
8765
7968
9062
7736
7186
8435
1878
1392
7878
6132
8317
6378
5695
1141
2522
1624
5798
9813
9947
3070
3219
6892
9730
9504
4087
4286
6283
8893
3893
4062
3940
1072
8853
3734
1790
9836
5038
6392
6443
3893
2692
5689
8429
8128
1970
2041
8217
4205
8698
2694
5094
3265
3479
3978
7991
7140
3589
9999
1650
2994
2205
8125
3356
9037
2394
3003
2743
7256
3722
4133
6532
7170
5024
9875
7878
6440
1645
5991
6518
2372
1696
9865
7414
7678
1565
2765
5640
1758
7762
3713
5533
1107
9429
5030
6320
6461
1285
4450
5964
5312
4522
2121
1858
8689
6719
8706
1527
8361
8121
4185
9189
2698
5257
1170
6113
9347
1439
4176
6101
4049
8810
4280
6017
9341
1444
2141
6221
7578
9363
1476
6750
6780
9530
1925
1665
7184
1900
8598
7528
4532
8780
4907
1381
3059
9091
6626
7921
5187
1296
5507
3481
7970
7863
1617
9891
1185
6332
8903
2069
2293
7808
6304
9860
4961
1828
2672
6064
6457
8451
6434
1084
2856
1991
7459
1258
4946
9853
6424
6208
6536
5437
5577
9177
9488
3852
7550
1187
9598
3315
6391
7803
7514
9006
9784
1375
4049
1955
1593
1638
9803
3549
6230
9808
9918
8505
5138
4525
7657
5013
5773
9239
3935
1821
9638
7189
1786
6613
9694
9328
8941
9964
6609
4311
9298
4667
6561
7632
7218
3714
1796
3523
3455
2070
8919
7283
7050
8229
3087
3251
4401
6283
2256
3125
5245
8173
7143
5458
7454
6028
2103
2287
3008
3649
1265
5889
2966
5718
9990
1263
8431
2184
4759
3480
6159
9705
3325
6405
2792
4029
4863
7418
8540
3826
9795
5183
1551
7880
2470
8158
7489
2395
5511
4910
3516
8322
2837
7196
8643
6355
3399
4381
2582
7890
1625
4029
6296
6367
1125
3240
1103
4330
3550
3867
4847
7795
3162
5215
1510
3440
5215
6135
1914
5244
6856
1602
9214
1982
5790
3298
5937
9237
6018
6708
7354
6994
7172
1746
6609
4368
1560
3339
4253
2477
5057
4087
7100
4272
5175
3086
2657
5198
9040
3073
8924
2294
8939
2595
6060
9503
7719
2986
9223
9930
2508
4529
5520
6350
7771
4476
9990
2696
4534
4261
2370
1715
6897
4173
4882
2822
2006
9420
8555
7406
5967
7844
9123
8717
2838
4351
4636
1677
9723
3558
8796
9934
8130
9356
7375
3791
9217
2228
4278
8138
8499
3737
5864
4274
9997
9760
8278
1653
4046
1176
2380
9975
9752
3510
8926
4331
5785
5058
9097
9195
8283
2300
5191
5096
3789
6768
9392
9384
6519
4983
3842
9969
8063
7674
9830
3140
1921
1394
8456
1284
1423
6834
2440
2402
4033
7004
1027
2617
8294
8224
3340
5572
4299
2556
8944
1480
1728
4789
3877
3533
8128
3629
4320
4262
5248
8923
7718
2888
2257
8493
3970
5787
9021
5644
5211
8998
1081
5480
6486
2535
4288
6383
4844
9119
4705
9243
9146
4500
7066
2949
9556
7358
6834
6647
1495
9672
2323
2081
8806
6344
8496
6143
3389
3702
3543
1946
7118
9794
4436
5427
8522
9392
6906
9191
4400
6182
5631
7797
9650
5646
7408
3560
6260
2499
3615
8059
3662
7399
7522
4953
1178
4447
5703
1389
3202
4931
7519
3620
2545
2463
9485
5125
8064
9172
8145
6840
5544
9551
6375
9994
9795
5609
3867
5384
9143
8315
6649
7799
2262
2276
5021
5534
2510
2183
6810
9133
1492
4352
1480
3690
4585
6134
9273
1962
1337
8018
3885
9560
4467
4786
8834
7008
2455
8328
6425
3962
9558
9149
1803
1803
6679
8518
4242
3127
7778
1408
8036
9853
8193
6111
4107
7018
9770
8783
6347
1139
6406
2048
8607
2864
5891
3002
8327
4272
5303
5351
2841
1978
4481
7827
1662
1193
7487
9701
1885
1489
9411
3096
4815
1805
7615
2210
2198
5104
9588
6979
5677
2870
8688
3051
6785
3461
4363
3571
5725
4253
5545
2633
5312
3879
4637
9367
4714
3477
9684
2150
5162
8282
1096
2120
7975
3044
1593
4639
9007
1924
9427
9213
7618
1891
2551
7861
8988
9360
3392
2432
9436
6318
8798
1993
2735
7468
2846
6261
2770
1688
7956
1977
3877
9182
1732
1833
7801
1649
1160
1896
7057
4192
4490
8723
2244
4201
7331
9621
7957
1200
6500
1383
2051
9574
3320
4014
4854
5221
4223
5176
7729
1879
1060
5364
3677
7910
6314
9333
4302
2756
8997
6764
8590
1245
4869
7309
8320
3644
6245
9543
6350
9468
3517
3187
7368
4623
6071
5254
9110
3339
3494
9299
3176
5390
8639
1500
3016
6080
8724
6288
2146
1238
1547
3700
4485
4507
4144
8417
4361
5267
6664
3984
6065
8837
2908
8126
8840
5382
1576
7281
4132
3409
1688
5054
3200
7893
8985
9558
2845
7063
9803
8189
7284
5437
8911
1419
6032
6374
8113
1261
6970
2627
8419
9577
6595
8273
9929
7610
1438
5856
8953
6879
1382
9276
9190
5998
9186
5137
6707
4438
4974
7653
5007
6627
5413
6766
1568
5477
3977
5513
5304
6172
4698
3007
1304
9898
2504
4035
7953
1910
9729
8955
1959
7344
3852
6626
7663
7905
5255
8157
6687
1282
5719
1443
8542
9799
3290
7641
2049
4809
3519
5738
9958
6648
8806
1327
6027
9961
4428
1649
7118
9233
6388
6724
2682
7043
2734
9887
6186
3247
3340
8507
8188
6567
4036
5733
1428
5200
2379
7876
5038
9451
8696
2413
4750
7176
4370
7839
7799
1499
9675
9026
1625
5521
3445
6386
3399
6439
8219
3711
9452
5587
7536
7468
5602
2245
4433
3484
7349
8133
2564
5192
2590
4016
2852
4642
6605
3060
4931
9679
4560
7245
9964
1084
5569
5176
7608
1795
1871
1628
1495
7004
3808
9652
4093
5775
6394
9776
1497
5829
7127
4358
8792
8498
8234
8920
6354
8291
4497
8417
5709
6569
7111
9449
8688
2183
2693
3458
5894
8529
2397
9237
8862
3459
3220
2984
2828
2267
1862
5837
7158
7828
1356
3263
9530
2466
2319
9764
2832
8564
4988
6301
2070
1472
5954
7615
3433
5332
4424
8834
5485
3580
7279
4199
2121
6493
4025
9627
4634
1709
5191
5802
8571
9504
7702
3023
9526
1130
3557
2429
2610
6342
7035
9502
1211
5851
1203
8118
8229
4328
3354
5300
4399
2426
8294
5199
7036
6455
1700
2772
3663
8131
7640
4052
9364
7140
4563
6313
3192
2408
9236
9713
7288
9360
2200
3229
9694
1103
7584
5383
3730
5820
9825
5594
7427
3967
6079
7372
5399
1516
6137
7013
5624
9125
3505
9842
6293
7561
4989
6540
2372
2762
4635
8845
5869
3951
3521
7696
8022
1940
4988
7017
6418
1299
6776
7759
3303
3063
3347
2129
7132
1853
3182
6179
9024
8460
9215
4581
3508
4021
9305
2051
2926
3342
4921
9356
5514
1414
5658
7251
1805
3293
6121
9929
5839
9045
6280
1205
7175
5596
2846
3169
8755
7258
6926
3246
2136
1237
6162
1491
6427
1391
1888
9787
9205
1186
8546
9317
2126
6739
8568
7039
8756
6644
8554
5742
3320
6427
3006
5343
1644
8527
1844
6311
3011
8083
3274
1464
2228
6477
5787
6324
9136
5120
4424
2681
1640
6135
2456
1553
1912
5650
7993
7777
9578
4492
2697
9572
9715
6399
5058
4824
6674
8274
6009
5612
3995
6641
2811
3722
5219
7546
1024
6263
9810
8796
6057
1173
7295
2918
9394
2900
5393
6566
1414
1693
4080
6684
3905
4761
1116
9187
4489
1250
2398
9404
4997
1557
2096
3780
1459
4589
3425
5833
2988
5407
9730
4407
6700
1133
3302
7438
2771
9223
1983
8835
2182
5549
3937
6067
4746
8646
1125
2101
4714
8562
7095
6886
6688
9430
7144
5867
5730
5908
8877
5565
5598
9839
6071
8408
3406
8661
5414
3531
9800
8060
9036
7473
3313
3085
6182
3834
1219
5612
7295
7494
1262
3004
7890
9636
2171
4668
5374
7186
3921
2483
2735
9646
1025
8981
3601
9048
6746
5941
1305
5898
4098
7894
1972
1297
6254
2820
2053
1960
6917
2207
2307
1538
3483
7958
5709
6969
5723
5187
6864
8481
8536
4648
8084
5079
4679
8803
5042
8125
5271
3952
4428
7920
6748
2358
9451
1705
2146
4503
4830
5490
3137
6408
8689
4468
3238
5672
3409
3940
3775
4150
6556
9146
7002
5368
2194
4805
1901
1826
5984
9890
7792
2655
3311
5970
4587
8220
5827
3065
5261
5617
6925
4078
8576
8567
9280
6704
9545
8043
2814
9002
5500
2475
5452
8226
4191
4955
2787
4794
3603
7154
1681
1326
2617
7944
6942
2048
8319
4337
4994
1440
7030
7823
5114
8990
8934
1815
5179
2222
2351
5617
1014
8496
1922
2069
6554
1052
2035
3290
5567
1803
9302
4803
4328
1270
9262
4879
9451
6663
6652
8324
1384
2382
9684
6100
6792
8018
7366
4479
9712
7569
4503
7408
1913
7157
1808
3565
9542
7296
4768
6365
7719
9203
1553
1064
9656
7468
1486
2202
5816
1687
4955
7589
9481
4489
4240
1997
3727
2014
5555
4851
7040
9956
3603
2756
9359
6508
7310
3710
5628
4164
9754
3764
8525
5601
6651
5609
6945
3826
9807
8945
4589
1057
4504
9913
3233
1586
5812
7830
1110
8355
9248
7450
1852
6473
4114
1627
1269
9603
4406
7750
5648
3116
9016
1391
8252
9549
8978
3146
4741
5376
1634
7591
4020
3481
2057
1612
4809
2118
7894
6676
4303
1666
8304
9490
2318
2886
7685
9177
9386
5064
1919
6815
4596
1636
2292
9958
4476
5558
1069
1390
8093
9344
4511
4248
9056
6159
6077
6881
8101
6848
2722
1268
2752
6393
9440
4838
3223
4195
6748
7234
4891
6974
8259
9221
5270
5361
1369
8683
8226
2565
3559
3337
4590
4444
8404
2241
7792
6983
4009
7046
5904
3083
8810
7436
1148
8915
1974
7241
6486
5582
9794
6075
3571
8524
7506
3090
1650
8833
3827
9441
9004
5074
2451
1492
2696
5989
1287
4717
2642
3688
9728
6650
1542
2755
7709
3931
3443
5722
9277
7463
3790
4536
4658
5201
8777
1725
5864
3163
7009
1850
8716
1930
4416
8769
5893
4644
9957
6814
1999
5155
4691
1784
5016
7596
2307
3688
5088
2089
5753
9498
8042
5415
3645
1018
8536
1880
1937
1870
2494
8033
7699
9092
4772
4600
5629
1295
1421
4057
3871
7103
4422
8845
1968
5525
3479
9094
1534
6418
9683
1749
5480
4796
3799
5351
6612
5121
6898
8395
5864
9420
8140
7249
8401
7317
9497
3619
6292
4435
2965
9840
6632
3666
1080
2018
8235
4944
4519
3625
1025
4123
5316
2182
5028
4193
1567
7372
3054
3759
3581
5876
1831
9171
2365
9895
2688
7704
2598
5263
6537
4886
6184
6386
2983
7014
7445
3886
5131
8816
7516
7969
3058
2242
9034
4510
9513
8163
4300
1621
7299
5889
6080
7266
4312
2986
8433
1607
2672
7729
4700
3957
6552
2715
7857
5405
8129
7438
6338
1072
8139
7525
6993
2651
6363
5050
8433
1964
4808
3169
2698
7146
9410
7741
1880
4946
7569
7696
4227
5517
5717
8302
5184
3108
2509
2019
9044
8105
9358
3472
3460
4154
2301
3746
9946
4766
5099
5924
1207
9260
6427
7458
9097
8827
3473
9874
7171
3767
5232
6984
3497
5382
7662
1783
1650
1647
9799
2858
2340
3482
6092
7736
6494
6018
5434
1103
9393
4154
1706
6854
7724
2735
1412
3379
2363
5857
3852
1236
8596
6041
4914
9109
2396
3498
5993
6715
9349
3270
4707
3102
9280
7764
4003
1383
7180
5444
7180
3849
1661
7765
6374
6780
8755
6776
1019
9939
8937
8565
7135
6610
2089
8914
8996
6386
9266
7457
5311
9267
9047
1608
9163
9760
7417
1605
2812
6123
9254
9841
9180
7472
8377
2828
5573
3027
8150
5121
7403
9812
4752
4217
8001
9284
9068
5976
5801
3087
1420
3899
8322
6077
9342
9085
3512
5794
4616
5307
1412
3922
9770
7416
9384
6128
3244
1568
1886
9791
5058
6665
1474
3756
4944
4955
3182
4917
3369
1802
9269
4893
6674
9666
7928
1047
8061
3936
5267
5171
3223
5281
3159
1971
5386
6570
2100
7452
2594
8043
4739
5692
1252
6996
6992
4326
5513
1733
2212
3693
3845
9852
2579
6684
8371
5462
8926
6953
5968
7522
8006
8289
3772
3425
6935
5943
6338
9550
8220
2756
6086
2227
6971
5769
9163
9557
8975
4817
2713
2618
1109
8467
4564
4076
9903
8779
1425
5933
7678
1806
6854
7864
8535
6488
4389
2314
5539
8181
8791
2877
6492
1674
9927
8361
3045
1688
4697
7552
4658
1725
8567
1698
5103
8105
3285
9200
5578
2636
4245
1677
5488
8061
2519
1055
6837
1667
5191
5894
4954
9839
5097
3031
1099
4646
1057
3320
9408
5812
7719
6271
7819
2338
1458
4501
8299
2583
9573
1585
2173
2659
4093
7561
1227
1363
7982
6726
2797
6148
6672
7265
9632
8725
2567
1099
3293
6706
8437
8852
2501
6888
7373
5794
7466
9817
9259
6479
7708
4948
8720
5137
8338
3218
2866
8005
5186
1729
5536
2738
2779
3698
5001
9795
2419
5373
3038
7663
1004
1292
9226
4529
1959
9488
2865
5379
1962
1845
4604
3915
5636
8618
1177
1419
9871
4932
9779
7944
9813
8013
7590
9971
1002
7036
3986
2756
5534
1537
6592
1939
2399
2480
7235
7821
3378
1672
8239
1853
1956
5990
6127
7366
2183
1481
2981
9708
5208
5710
8911
7064
6581
3111
3012
8270
2512
9333
1366
2255
2636
6671
1266
3283
1644
6595
5944
6186
4706
1491
2311
1829
6162
4979
1773
9710
6532
9992
8385
2910
4955
4681
8784
2487
7438
8103
8913
2561
3562
5704
4590
2623
5370
6573
4405
5911
9500
7741
4529
4448
8257
3995
1370
3874
3609
8334
5296
9087
6968
3089
1197
7839
1300
5485
4880
9335
9800
8984
8514
8524
9389
6098
6448
1065
6764
4333
8642
8246
7078
3404
3811
6653
1286
5326
5542
8317
9970
3964
5381
9254
6949
8237
1101
1979
9574
3161
2887
4753
6143
6422
5190
4127
1222
2514
5687
4019
4159
9084
5974
5239
2951
1035
5102
6968
8417
1578
6480
9718
6292
6196
3948
7993
8626
8080
6440
4157
2504
1680
3210
5404
2541
1320
9701
8935
4064
8147
3346
1308
7378
7111
5844
5945
1619
3515
1427
9385
9144
9497
1128
4250
1341
4365
6168
3894
6579
8489
7583
6325
2866
9817
5841
5532
7254
4955
1711
6595
7441
8113
3606
4074
9033
1904
4456
2782
6450
5413
6602
7234
3816
4867
5822
3940
4093
4797
5085
8234
7576
5625
1499
5881
8876
6207
8098
3699
8202
7187
6457
5532
7002
4792
7929
2237
7203
6126
2377
3406
6574
7929
7163
6288
5072
7623
1480
2743
3084
1161
9283
1174
9440
4231
3075
6166
3611
7937
5514
6374
9359
8700
9815
1790
3190
8657
5234
2739
4845
7594
5221
3150
5137
8474
1559
4395
5263
6427
7361
7948
1193
6831
2945
4640
1892
3094
6696
8933
4621
8219
8555
3246
3492
1805
5722
4675
8465
9908
2120
6107
1583
7253
2001
5769
9340
7562
1815
4439
6237
7656
2657
3470
5848
5479
6751
6038
2705
4719
7705
9272
3052
3641
7928
8358
7560
8307
3803
8075
6761
2580
8966
4196
6559
1239
2309
4024
1546
8203
8692
8860
8815
4169
3911
4936
9296
4580
7878
3367
8064
5730
8863
6681
5821
9528
3379
9832
2995
6650
6680
4999
3522
2888
8106
5776
5739
1286
9527
9079
5235
9897
4808
7510
2610
9111
2892
2158
3742
8469
9599
6292
3518
3495
4447
9748
4728
1205
7206
1854
7988
7523
3509
5685
2357
3833
4118
9841
5360
5554
7590
1398
7675
2978
9626
1098
9163
1315
3272
8990
4072
1715
8693
2857
2040
2914
8859
2909
6145
6586
3634
7352
3492
8166
5360
5297
1128
6005
8064
7818
9091
3126
5347
7203
4872
4602
1912
5289
7942
7102
6735
8364
3571
4528
2813
5784
7019
7508
1373
2840
4134
7352
6088
2400
7875
7405
7943
4099
9021
8164
5728
7756
7364
4141
5343
6394
8850
8866
9995
9659
4756
9086
1374
4864
8380
5213
5891
5696
7946
2308
9299
2667
6588
5449
8050
9748
5873
6433
6869
4625
7694
5613
9532
4276
5529
5804
1349
7343
9929
7134
3994
8555
9984
8817
7524
4740
9118
1159
8832
1029
5777
1074
8297
5616
2918
5552
1542
8734
3294
9422
8470
7474
3337
5719
7969
4767
7598
1926
4801
1761
9056
8427
5819
8374
7709
1438
9366
3410
9501
8169
9102
3553
1433
1404
2983
1627
9868
2712
6819
1388
8184
8621
9221
6613
9282
4142
8847
1914
8216
2309
2484
5573
6668
2659
3269
9229
1033
9576
6202
5621
2762
7322
6252
7080
8409
7296
1914
8903
6123
3074
