10018
10028
10035
10038
10041
10049
10086
10098
10102
10141
10144
10150
10153
10154
10178
10188
10210
10224
10229
10236
10243
10247
10260
10267
10281
10281
10285
10285
10290
10296
10303
10311
10312
10314
10319
10339
10345
10353
10354
10374
10383
10386
10391
10405
10421
10426
10429
10437
10438
10438
10439
10441
10442
10446
10448
10449
10450
10451
10463
10473
10490
10491
10500
10509
10509
10516
10518
10520
10522
10523
10530
10536
10558
10576
10577
10578
10582
10589
10593
10600
10602
10609
10631
10631
10635
10644
10651
10651
10682
10702
10726
10745
10755
10756
10775
10777
10778
10785
10791
10796
10799
10808
10814
10819
10822
10824
10834
10858
10861
10861
10874
10882
10883
10901
10902
10910
10913
10921
10931
10934
10940
10948
10949
10950
10958
10959
10968
10986
10990
10993
11004
11010
11016
11018
11019
11021
11024
11024
11035
11043
11045
11050
11067
11067
11068
11079
11079
11081
11084
11088
11089
11098
11110
11116
11117
11136
11137
11147
11147
11159
11160
11161
11173
11175
11177
11183
11185
11186
11189
11191
11199
11207
11218
11222
11227
11237
11237
11248
11254
11255
11258
11260
11267
11270
11270
11272
11273
11302
11340
11344
11348
11362
11364
11369
11371
11381
11387
11393
11419
11436
11444
11446
11451
11465
11469
11470
11500
11503
11503
11506
11508
11527
11531
11538
11547
11549
11560
11564
11565
11566
11588
11590
11613
11625
11634
11651
11654
11655
11656
11672
11679
11692
11695
11698
11706
11716
11720
11727
11729
11737
11739
11739
11753
11758
11769
11769
11776
11776
11784
11800
11800
11826
11837
11840
11849
11854
11871
11876
11882
11891
11893
11894
11896
11902
11913
11934
11937
11941
11959
11970
11974
11979
11980
11995
11996
11996
11996
12000
12017
12024
12031
12033
12040
12046
12047
12051
12052
12055
12059
12060
12060
12066
12073
12074
12082
12084
12094
12100
12118
12119
12123
12128
12130
12138
12150
12153
12156
12164
12201
12216
12227
12232
12250
12251
12252
12258
12262
12270
12273
12274
12276
12278
12290
12298
12300
12304
12310
12324
12325
12330
12334
12340
12343
12343
12344
12355
12357
12362
12396
12414
12421
12423
12440
12452
12473
12479
12484
12485
12498
12501
12502
12516
12538
12543
12545
12553
12592
12607
12609
12612
12614
12621
12624
12638
12647
12650
12652
12656
12657
12662
12662
12702
12707
12709
12710
12724
12739
12742
12746
12752
12758
12762
12765
12771
12799
12803
12805
12810
12810
12819
12824
12852
12861
12864
12865
12866
12866
12874
12878
12878
12881
12883
12891
12895
12897
12913
12915
12916
12917
12939
12948
12952
12958
12959
12964
12966
12967
12971
12974
12978
12979
13007
13009
13024
13024
13027
13028
13035
13036
13039
13044
13045
13063
13066
13067
13072
13080
13085
13095
13105
13109
13131
13131
13135
13142
13153
13166
13173
13189
13194
13194
13195
13213
13226
13233
13240
13254
13256
13258
13272
13304
13319
13356
13372
13375
13376
13384
13392
13396
13397
13401
13405
13407
13414
13414
13425
13427
13427
13430
13439
13444
13454
13455
13457
13489
13489
13491
13493
13497
13508
13521
13524
13526
13534
13545
13563
13579
13580
13583
13584
13613
13614
13618
13630
13631
13632
13638
13644
13659
13666
13670
13670
13682
13694
13729
13732
13733
13747
13768
13771
13785
13786
13788
13791
13800
13809
13816
13822
13836
13843
13850
13852
13852
13863
13875
13882
13885
13922
13922
13934
13950
13951
13961
13973
13974
13977
13977
14012
14018
14023
14023
14025
14028
14032
14037
14042
14047
14053
14067
14072
14077
14080
14084
14092
14093
14096
14099
14104
14123
14128
14138
14155
14157
14162
14166
14170
14179
14181
14190
14195
14199
14225
14241
14243
14251
14251
14256
14258
14270
14273
14289
14293
14294
14295
14300
14306
14309
14320
14324
14330
14341
14346
14350
14352
14356
14363
14371
14375
14391
14393
14394
14399
14400
14403
14407
14407
14423
14431
14432
14436
14439
14448
14450
14464
14464
14471
14473
14482
14498
14507
14522
14527
14527
14538
14553
14560
14571
14573
14575
14576
14578
14597
14625
14662
14680
14682
14686
14688
14701
14706
14724
14725
14734
14759
14772
14775
14795
14796
14809
14849
14860
14872
14879
14882
14889
14892
14897
14900
14901
14905
14912
14950
14954
14955
14959
14966
14980
14983
14985
14991
14994
15009
15013
15015
15017
15032
15041
15042
15048
15050
15055
15059
15060
15068
15070
15088
15090
15094
15095
15097
15103
15103
15106
15114
15123
15124
15125
15131
15134
15140
15169
15179
15181
15181
15182
15200
15212
15212
15225
15239
15240
15249
15269
15271
15274
15320
15327
15336
15340
15343
15360
15397
15421
15429
15436
15440
15453
15459
15466
15476
15480
15488
15499
15502
15507
15509
15523
15524
15525
15535
15535
15545
15546
15547
15552
15555
15564
15569
15583
15607
15618
15623
15625
15627
15627
15628
15632
15639
15639
15650
15651
15653
15657
15658
15660
15665
15675
15692
15704
15705
15706
15709
15715
15719
15724
15732
15742
15744
15751
15762
15762
15768
15778
15778
15779
15798
15800
15801
15815
15816
15826
15829
15830
15837
15837
15839
15873
15881
15895
15897
15900
15910
15922
15923
15923
15942
15944
15949
15949
15951
15960
15961
15963
15975
15976
15977
15979
15983
15996
15998
15999
16000
16013
16032
16043
16047
16049
16056
16060
16060
16065
16081
16094
16100
16104
16109
16111
16125
16125
16137
16150
16155
16156
16156
16157
16160
16161
16170
16184
16187
16195
16201
16212
16213
16217
16223
16231
16232
16237
16238
16256
16259
16266
16278
16280
16287
16315
16339
16341
16344
16345
16354
16366
16377
16418
16424
16442
16449
16450
16451
16458
16461
16462
16463
16475
16475
16478
16483
16485
16486
16487
16488
16489
16496
16527
16528
16537
16537
16537
16538
16555
16570
16596
16606
16616
16628
16628
16633
16643
16655
16655
16672
16676
16679
16682
16684
16690
16690
16695
16696
16697
16698
16704
16707
16711
16718
16723
16723
16728
16734
16735
16736
16747
16753
16779
16781
16785
16787
16793
16804
16809
16811
16815
16824
16828
16834
16859
16862
16867
16872
16889
16890
16899
16902
16919
16920
16932
16934
16936
16947
16949
16954
16959
16959
16966
16967
16967
16972
16972
16972
16976
16984
16988
16990
17000
17002
17005
17009
17032
17032
17034
17036
17044
17051
17068
17080
17087
17092
17104
17117
17119
17120
17121
17162
17167
17182
17191
17197
17204
17219
17234
17247
17253
17256
17265
17273
17283
17291
17294
17294
17318
17324
17348
17351
17352
17365
17387
17392
17394
17412
17415
17419
17426
17431
17435
17447
17455
17463
17475
17477
17477
17481
17489
17513
17514
17523
17524
17530
17533
17538
17542
17550
17556
17561
17562
17576
17580
17584
17593
17597
17598
17602
17605
17610
17622
17623
17634
17635
17643
17649
17655
17661
17673
17680
17681
17692
17720
17738
17738
17739
17742
17749
17750
17754
17759
17766
17768
17789
17790
17792
17805
17807
17809
17810
17812
17814
17819
17827
17831
17836
17850
17864
17866
17871
17874
17875
17884
17886
17903
17931
17945
17961
17962
17964
17971
17976
17982
18001
18007
18009
18011
18023
18027
18035
18041
18043
18046
18054
18055
18055
18061
18067
18068
18070
18073
18074
18098
18107
18114
18116
18123
18139
18141
18152
18156
18172
18185
18200
18234
18234
18241
18260
18261
18266
18271
18276
18286
18288
18288
18293
18307
18316
18325
18326
18328
18339
18339
18360
18370
18387
18388
18393
18397
18409
18412
18414
18417
18417
18426
18427
18448
18451
18457
18458
18459
18463
18467
18478
18482
18487
18506
18514
18516
18519
18527
18528
18528
18530
18531
18535
18553
18554
18572
18577
18595
18622
18627
18637
18639
18649
18658
18678
18690
18703
18708
18718
18718
18720
18722
18723
18726
18729
18736
18738
18743
18746
18754
18764
18768
18774
18775
18775
18779
18779
18780
18783
18797
18812
18815
18833
18842
18848
18851
18854
18854
18855
18857
18861
18864
18883
18886
18886
18891
18902
18914
18927
18942
18954
18972
18975
18976
18978
18982
18999
19000
19001
19003
19007
19009
19017
19028
19036
19055
19060
19064
19087
19094
19109
19112
19112
19112
19117
19121
19132
19133
19138
19143
19148
19156
19189
19201
19206
19208
19209
19210
19213
19220
19223
19225
19234
19245
19263
19269
19271
19281
19297
19301
19303
19308
19315
19325
19326
19326
19343
19345
19352
19357
19370
19380
19382
19397
19397
19413
19415
19423
19427
19441
19446
19450
19452
19453
19469
19472
19477
19478
19478
19483
19498
19499
19502
19503
19519
19521
19527
19556
19569
19575
19590
19595
19597
19601
19601
19602
19633
19657
19663
19678
19680
19682
19692
19700
19703
19715
19716
19722
19738
19740
19740
19743
19744
19746
19749
19764
19773
19784
19786
19799
19800
19803
19809
19815
19832
19863
19869
19874
19880
19884
19884
19896
19901
19905
19913
19928
19930
19935
19937
19938
19939
19946
19954
19986
20001
20006
20013
20018
20024
20029
20038
20040
20041
20043
20052
20054
20080
20081
20085
20089
20092
20117
20120
20125
20127
20127
20131
20133
20154
20190
20198
20198
20199
20203
20206
20224
20231
20232
20233
20237
20252
20274
20278
20294
20300
20305
20309
20321
20332
20338
20340
20342
20352
20358
20368
20374
20395
20398
20406
20419
20429
20433
20451
20452
20456
20459
20470
20472
20481
20484
20485
20495
20502
20505
20511
20518
20519
20535
20537
20547
20548
20555
20565
20577
20590
20594
20594
20598
20602
20608
20617
20618
20618
20641
20648
20659
20666
20671
20678
20684
20685
20690
20692
20696
20698
20700
20700
20704
20707
20713
20719
20722
20734
20744
20770
20786
20790
20795
20797
20801
20808
20809
20824
20830
20831
20832
20837
20845
20883
20891
20894
20901
20901
20916
20916
20924
20940
20958
20960
20963
20968
20969
20976
20977
20986
20995
21000
21014
21021
21024
21030
21048
21051
21065
21065
21065
21066
21077
21077
21082
21084
21085
21088
21089
21090
21099
21100
21111
21120
21134
21136
21147
21151
21163
21171
21190
21190
21191
21198
21205
21239
21257
21263
21270
21291
21294
21297
21298
21307
21324
21326
21329
21338
21342
21343
21346
21379
21379
21381
21382
21384
21386
21390
21392
21404
21413
21420
21422
21458
21459
21468
21472
21475
21481
21492
21492
21499
21508
21510
21541
21551
21553
21558
21565
21581
21586
21603
21605
21618
21627
21630
21632
21649
21676
21686
21695
21705
21707
21708
21709
21709
21712
21729
21737
21768
21769
21770
21770
21779
21780
21790
21801
21819
21824
21828
21847
21859
21870
21877
21890
21907
21916
21923
21925
21935
21944
21947
21948
21948
21949
21957
21958
21969
21991
21996
22008
22009
22020
22028
22043
22049
22053
22054
22055
22056
22069
22073
22081
22087
22103
22103
22122
22127
22142
22150
22160
22163
22176
22184
22185
22193
22214
22215
22218
22221
22231
22232
22241
22248
22251
22252
22254
22254
22264
22279
22281
22282
22282
22283
22296
22297
22318
22322
22328
22337
22341
22347
22348
22361
22362
22374
22378
22387
22388
22391
22395
22396
22401
22410
22427
22428
22429
22434
22442
22443
22445
22454
22461
22479
22487
22494
22497
22500
22504
22505
22507
22513
22520
22528
22529
22532
22543
22554
22554
22557
22564
22566
22566
22570
22571
22574
22596
22603
22607
22627
22628
22629
22633
22636
22666
22676
22683
22690
22695
22703
22714
22722
22724
22728
22736
22739
22742
22768
22784
22786
22788
22792
22809
22820
22839
22841
22844
22849
22856
22901
22905
22911
22933
22942
22946
22954
22980
22982
22985
22989
22991
23005
23008
23013
23016
23028
23031
23043
23050
23057
23057
23058
23061
23081
23089
23097
23102
23129
23134
23147
23149
23151
23172
23180
23186
23190
23198
23199
23200
23222
23226
23227
23235
23242
23250
23254
23254
23254
23255
23258
23264
23269
23271
23273
23295
23301
23308
23310
23310
23329
23339
23352
23357
23361
23362
23362
23368
23371
23373
23374
23383
23384
23390
23398
23398
23400
23406
23409
23417
23418
23421
23424
23431
23445
23451
23451
23466
23474
23479
23490
23490
23493
23496
23503
23507
23517
23524
23527
23531
23545
23559
23562
23564
23566
23576
23585
23589
23603
23619
23625
23626
23628
23634
23638
23643
23645
23654
23663
23665
23667
23673
23679
23680
23687
23691
23702
23704
23705
23706
23709
23712
23732
23737
23743
23750
23751
23755
23757
23761
23761
23766
23768
23784
23784
23790
23798
23804
23813
23821
23827
23838
23846
23848
23861
23865
23868
23877
23887
23897
23899
23906
23911
23917
23924
23935
23942
23946
23951
23959
23963
23975
23985
23986
23990
23993
24003
24004
24004
24006
24019
24020
24022
24023
24031
24052
24057
24058
24068
24078
24078
24081
24098
24108
24109
24112
24121
24129
24146
24149
24158
24163
24191
24192
24199
24205
24217
24219
24230
24233
24237
24244
24250
24253
24260
24278
24282
24304
24306
24313
24315
24324
24329
24339
24339
24359
24360
24365
24367
24368
24375
24388
24391
24391
24392
24395
24411
24417
24420
24420
24421
24446
24448
24451
24454
24454
24461
24466
24470
24474
24486
24487
24489
24491
24492
24498
24527
24530
24530
24531
24551
24560
24561
24569
24578
24597
24605
24621
24629
24642
24645
24653
24662
24677
24683
24685
24687
24688
24699
24706
24711
24712
24720
24726
24731
24732
24736
24739
24743
24759
24760
24765
24792
24802
24814
24816
24823
24825
24828
24838
24842
24842
24848
24851
24856
24866
24869
24873
24874
24880
24881
24882
24895
24899
24906
24909
24914
24931
24933
24934
24951
24956
24966
24967
24967
24978
24982
24988
24989
24993
25000
25009
25009
25012
25013
25013
25028
25038
25039
25050
25079
25081
25092
25097
25099
25100
25106
25110
25141
25142
25146
25155
25158
25170
25171
25191
25204
25208
25216
25220
25225
25228
25233
25248
25256
25260
25268
25272
25274
25275
25277
25280
25288
25294
25296
25298
25306
25307
25309
25313
25320
25322
25324
25331
25350
25352
25362
25369
25371
25374
25376
25376
25378
25379
25381
25389
25396
25402
25408
25413
25421
25423
25438
25461
25465
25469
25474
25477
25483
25487
25491
25502
25504
25510
25521
25532
25534
25535
25538
25539
25545
25549
25550
25553
25564
25568
25594
25601
25602
25603
25609
25620
25620
25630
25636
25678
25692
25696
25702
25715
25715
25728
25729
25739
25747
25748
25755
25757
25763
25766
25775
25777
25781
25798
25800
25813
25814
25815
25818
25823
25832
25833
25835
25844
25846
25846
25851
25855
25863
25865
25871
25874
25876
25878
25880
25885
25886
25896
25899
25903
25909
25917
25918
25925
25928
25931
25943
25944
25951
25952
25953
25953
25954
25972
25978
25981
25983
25984
25994
25994
26002
26007
26013
26014
26021
26022
26025
26040
26046
26061
26063
26068
26076
26076
26080
26082
26092
26094
26112
26138
26141
26148
26152
26155
26162
26164
26174
26177
26179
26183
26199
26207
26212
26216
26217
26227
26229
26234
26239
26274
26277
26277
26277
26291
26292
26306
26315
26317
26320
26332
26346
26352
26359
26366
26375
26377
26379
26382
26382
26386
26402
26415
26420
26421
26425
26450
26475
26481
26484
26486
26497
26507
26511
26519
26522
26524
26524
26525
26529
26530
26531
26534
26544
26551
26559
26561
26573
26585
26600
26601
26604
26614
26642
26651
26654
26665
26666
26668
26674
26676
26677
26678
26689
26709
26721
26726
26731
26737
26742
26751
26753
26761
26765
26783
26785
26786
26788
26799
26802
26805
26818
26826
26827
26831
26832
26850
26852
26855
26859
26872
26877
26879
26881
26881
26882
26884
26886
26889
26908
26918
26924
26926
26927
26941
26943
26952
26954
26967
26977
26984
26997
27006
27007
27011
27014
27021
27021
27026
27030
27030
27035
27037
27038
27043
27047
27074
27091
27093
27119
27123
27124
27126
27133
27133
27133
27135
27142
27148
27151
27162
27165
27180
27180
27186
27189
27198
27205
27219
27220
27221
27226
27238
27246
27253
27284
27284
27293
27300
27312
27335
27340
27343
27347
27349
27352
27382
27386
27387
27391
27393
27406
27415
27415
27422
27429
27436
27441
27444
27452
27466
27469
27473
27475
27475
27485
27498
27510
27514
27525
27541
27542
27543
27548
27551
27552
27557
27569
27571
27577
27577
27596
27599
27602
27624
27629
27629
27662
27670
27674
27680
27688
27689
27695
27695
27703
27708
27724
27742
27744
27745
27756
27761
27766
27771
27772
27776
27778
27784
27784
27789
27790
27797
27799
27805
27807
27817
27828
27833
27840
27842
27857
27865
27874
27875
27876
27914
27916
27920
27922
27922
27933
27933
27937
27939
27940
27943
27953
27959
27960
27960
27961
27967
27971
27977
27990
27993
28006
28008
28009
28018
28022
28034
28049
28054
28062
28079
28101
28117
28125
28125
28132
28136
28159
28169
28171
28198
28202
28202
28205
28218
28220
28232
28246
28248
28255
28255
28257
28275
28276
28279
28284
28290
28301
28302
28312
28324
28324
28325
28330
28331
28340
28358
28366
28369
28379
28391
28399
28400
28418
28421
28422
28426
28432
28436
28439
28446
28452
28454
28462
28480
28484
28491
28496
28508
28512
28514
28522
28528
28543
28546
28560
28562
28569
28575
28596
28609
28611
28627
28629
28646
28651
28660
28673
28676
28682
28690
28691
28707
28711
28722
28732
28739
28745
28752
28771
28773
28775
28796
28798
28812
28813
28815
28839
28844
28848
28873
28892
28930
28932
28933
28939
28940
28942
28943
28947
28947
28954
28958
28962
28962
28975
28987
28989
28993
28994
28997
29007
29010
29017
29017
29018
29026
29027
29046
29054
29057
29080
29084
29091
29093
29095
29096
29115
29119
29124
29131
29152
29157
29160
29187
29188
29192
29194
29225
29226
29230
29233
29236
29238
29244
29248
29261
29268
29269
29278
29281
29287
29291
29295
29302
29307
29313
29318
29329
29332
29346
29347
29355
29371
29371
29372
29374
29377
29377
29390
29415
29419
29420
29427
29438
29446
29448
29448
29451
29456
29457
29461
29476
29490
29490
29499
29502
29503
29503
29505
29530
29543
29553
29555
29568
29575
29579
29581
29583
29586
29586
29590
29621
29632
29632
29632
29645
29646
29658
29663
29663
29669
29671
29674
29678
29690
29700
29704
29711
29725
29734
29735
29742
29744
29753
29786
29788
29789
29804
29812
29819
29820
29827
29832
29835
29840
29843
29847
29847
29854
29856
29860
29863
29873
29894
29897
29900
29922
29925
29955
29983
29991
29994
30005
30010
30015
30026
30038
30055
30074
30080
30087
30090
30098
30104
30108
30112
30124
30137
30151
30167
30191
30191
30192
30206
30220
30220
30228
30242
30244
30253
30253
30259
30260
30264
30271
30273
30277
30278
30289
30296
30317
30329
30334
30338
30367
30379
30391
30396
30406
30409
30419
30428
30429
30430
30434
30436
30440
30445
30448
30453
30461
30464
30464
30464
30465
30467
30471
30472
30476
30481
30487
30487
30487
30488
30498
30515
30516
30525
30528
30536
30550
30551
30557
30563
30564
30597
30600
30614
30616
30619
30622
30628
30647
30649
30654
30655
30657
30680
30695
30708
30718
30745
30756
30759
30768
30772
30775
30785
30786
30786
30788
30803
30804
30814
30814
30818
30822
30826
30831
30852
30876
30879
30879
30880
30887
30905
30907
30909
30911
30914
30917
30928
30928
30932
30945
30949
30957
30960
30963
30969
30983
30990
30999
31001
31003
31004
31025
31027
31042
31043
31044
31047
31052
31055
31056
31057
31060
31088
31091
31091
31092
31098
31099
31101
31102
31109
31110
31120
31124
31127
31129
31132
31146
31155
31157
31162
31164
31175
31180
31183
31185
31202
31204
31212
31219
31219
31220
31239
31241
31251
31251
31253
31257
31262
31269
31278
31286
31294
31297
31305
31308
31317
31320
31320
31322
31342
31350
31350
31352
31359
31379
31379
31380
31403
31404
31406
31408
31411
31416
31422
31423
31437
31443
31451
31453
31456
31469
31471
31472
31472
31474
31481
31491
31517
31525
31528
31537
31558
31561
31564
31569
31571
31576
31592
31602
31604
31605
31606
31622
31626
31639
31647
31675
31679
31680
31680
31681
31681
31682
31687
31690
31700
31703
31704
31720
31722
31732
31737
31744
31745
31750
31757
31759
31761
31764
31777
31777
31779
31785
31786
31796
31796
31797
31800
31803
31806
31816
31820
31829
31832
31837
31838
31838
31843
31848
31857
31867
31871
31891
31894
31903
31910
31912
31917
31926
31926
31927
31928
31935
31943
31945
31950
31956
31975
31989
31996
32004
32004
32006
32015
32020
32022
32028
32028
32032
32042
32051
32051
32055
32061
32072
32083
32086
32092
32098
32119
32126
32129
32132
32136
32147
32151
32151
32153
32157
32159
32166
32181
32192
32207
32215
32234
32236
32239
32241
32255
32258
32262
32269
32281
32298
32319
32328
32331
32335
32354
32361
32367
32370
32371
32371
32372
32374
32378
32387
32389
32391
32392
32394
32398
32400
32404
32404
32406
32408
32412
32415
32421
32426
32435
32436
32449
32450
32456
32461
32462
32462
32465
32473
32476
32496
32514
32520
32521
32525
32526
32529
32536
32544
32564
32578
32580
32582
32598
32602
32606
32614
32628
32637
32637
32638
32645
32646
32649
32665
32675
32675
32679
32683
32694
32702
32704
32704
32722
32749
32755
32760
32762
32765
32768
32787
32818
32821
32822
32829
32830
32830
32833
32833
32837
32841
32843
32855
32869
32892
32895
32904
32905
32915
32923
32932
32933
32951
32953
32953
32955
32961
32986
32994
32994
33001
33003
33012
33018
33030
33040
33058
33062
33063
33064
33064
33067
33067
33073
33074
33075
33081
33097
33097
33103
33103
33103
33106
33110
33121
33123
33124
33133
33135
33165
33167
33167
33197
33202
33223
33224
33229
33236
33244
33261
33267
33271
33285
33291
33296
33297
33304
33304
33308
33312
33315
33329
33334
33340
33341
33347
33353
33359
33365
33368
33370
33373
33384
33386
33397
33406
33406
33406
33415
33418
33427
33448
33452
33463
33466
33471
33487
33501
33504
33506
33508
33515
33515
33516
33538
33546
33549
33551
33551
33552
33563
33563
33572
33592
33608
33618
33623
33630
33637
33639
33646
33659
33659
33663
33663
33668
33670
33698
33699
33700
33708
33718
33722
33736
33750
33752
33761
33762
33766
33768
33774
33785
33790
33791
33798
33798
33800
33807
33810
33830
33834
33848
33879
33887
33888
33893
33894
33900
33901
33902
33912
33916
33934
33944
33953
33976
33976
33977
33979
33997
34000
34001
34002
34006
34007
34009
34020
34029
34029
34040
34042
34043
34045
34053
34054
34071
34079
34080
34082
34094
34124
34126
34131
34138
34140
34146
34155
34188
34202
34210
34217
34226
34228
34229
34237
34261
34261
34266
34269
34269
34271
34286
34297
34323
34325
34326
34334
34339
34349
34355
34383
34389
34391
34393
34394
34398
34400
34401
34402
34412
34421
34422
34443
34453
34454
34458
34483
34530
34532
34537
34541
34550
34551
34552
34552
34555
34579
34584
34585
34587
34590
34591
34596
34598
34598
34615
34618
34620
34630
34641
34642
34646
34647
34660
34661
34681
34682
34725
34729
34730
34730
34732
34735
34743
34753
34754
34756
34757
34759
34759
34769
34773
34795
34797
34808
34814
34817
34824
34824
34828
34838
34848
34856
34859
34860
34862
34872
34874
34891
34892
34893
34895
34897
34899
34899
34902
34905
34911
34914
34917
34922
34925
34931
34937
34953
34957
34959
34967
34982
34993
34995
35004
35008
35009
35011
35020
35021
35031
35044
35045
35045
35046
35058
35059
35060
35062
35064
35079
35084
35084
35094
35104
35112
35113
35133
35136
35139
35142
35146
35153
35167
35176
35188
35188
35198
35205
35233
35236
35239
35242
35253
35254
35258
35264
35277
35281
35283
35309
35311
35315
35320
35335
35337
35343
35350
35357
35359
35361
35367
35380
35408
35418
35419
35427
35428
35434
35455
35461
35464
35466
35476
35490
35496
35499
35515
35521
35528
35531
35531
35533
35542
35549
35556
35568
35571
35586
35592
35609
35609
35611
35613
35613
35618
35625
35626
35626
35631
35641
35651
35652
35653
35665
35677
35685
35693
35700
35701
35717
35719
35719
35725
35741
35743
35749
35766
35767
35769
35777
35787
35791
35817
35818
35830
35840
35841
35852
35866
35867
35868
35870
35876
35878
35886
35898
35900
35909
35912
35913
35918
35920
35921
35926
35936
35937
35939
35944
35949
35958
35961
35963
35972
35978
36008
36011
36019
36028
36050
36051
36051
36052
36056
36058
36062
36073
36086
36090
36100
36100
36134
36137
36147
36152
36156
36158
36171
36171
36178
36181
36184
36184
36201
36205
36206
36216
36218
36222
36226
36228
36231
36236
36250
36253
36271
36279
36286
36286
36290
36296
36303
36313
36317
36322
36323
36325
36333
36338
36339
36342
36347
36370
36377
36392
36393
36396
36402
36406
36424
36438
36442
36447
36449
36449
36451
36452
36453
36460
36478
36519
36519
36521
36531
36534
36539
36549
36554
36559
36575
36588
36596
36603
36608
36615
36623
36626
36630
36639
36640
36644
36645
36655
36657
36658
36661
36662
36665
36672
36685
36697
36699
36704
36709
36729
36735
36736
36748
36749
36749
36753
36754
36761
36785
36786
36798
36806
36817
36826
36829
36832
36838
36846
36849
36854
36859
36866
36872
36872
36902
36903
36915
36931
36932
36933
36934
36938
36942
36944
36945
36950
36950
36960
36967
36969
36985
36991
36995
37007
37009
37011
37011
37022
37026
37041
37046
37051
37059
37076
37100
37106
37119
37127
37128
37136
37144
37154
37176
37181
37183
37186
37193
37206
37210
37226
37229
37233
37236
37236
37239
37240
37240
37247
37253
37254
37263
37266
37269
37272
37277
37277
37283
37301
37309
37309
37328
37342
37344
37344
37358
37363
37365
37373
37375
37378
37382
37384
37408
37409
37416
37421
37425
37428
37450
37465
37473
37479
37482
37484
37494
37497
37504
37521
37526
37526
37542
37556
37587
37590
37590
37593
37598
37610
37612
37615
37615
37623
37629
37631
37635
37636
37636
37639
37646
37647
37656
37657
37670
37683
37688
37689
37690
37701
37703
37706
37708
37720
37720
37723
37736
37745
37750
37764
37767
37770
37777
37778
37790
37802
37819
37831
37849
37851
37864
37866
37880
37881
37883
37884
37897
37912
37942
37945
37952
37961
37961
37968
37972
37981
37988
38002
38034
38039
38044
38048
38057
38057
38058
38069
38071
38075
38083
38085
38103
38115
38116
38122
38128
38132
38135
38136
38136
38171
38171
38175
38185
38194
38196
38201
38204
38207
38211
38217
38218
38226
38228
38235
38236
38242
38244
38250
38250
38256
38274
38304
38314
38337
38337
38349
38350
38374
38403
38405
38405
38417
38418
38427
38429
38440
38452
38470
38479
38481
38485
38493
38500
38510
38521
38533
38535
38536
38543
38551
38569
38572
38574
38576
38580
38590
38593
38599
38609
38615
38622
38634
38640
38644
38658
38659
38670
38675
38675
38689
38698
38715
38715
38718
38731
38737
38740
38743
38754
38766
38767
38773
38774
38775
38779
38786
38794
38800
38806
38827
38852
38858
38890
38892
38903
38913
38919
38924
38928
38930
38931
38932
38951
38955
38962
38964
38975
38979
39028
39030
39032
39045
39059
39065
39066
39078
39086
39091
39092
39122
39126
39129
39129
39154
39155
39174
39179
39185
39200
39202
39211
39214
39227
39229
39259
39269
39269
39278
39301
39302
39306
39339
39352
39356
39357
39368
39376
39389
39410
39431
39444
39460
39461
39466
39468
39484
39491
39491
39512
39523
39539
39550
39550
39574
39576
39578
39589
39625
39630
39641
39659
39670
39681
39698
39699
39711
39722
39737
39742
39752
39754
39765
39769
39773
39773
39777
39787
39791
39801
39812
39817
39826
39832
39842
39849
39849
39853
39862
39863
39885
39903
39905
39924
39933
39935
39944
39978
39995
40006
40008
40011
40017
40023
40039
40047
40059
40064
40069
40070
40073
40094
40100
40108
40111
40113
40122
40126
40129
40131
40142
40154
40162
40165
40179
40188
40209
40222
40231
40236
40240
40240
40247
40260
40263
40271
40271
40281
40285
40288
40290
40299
40301
40302
40303
40312
40330
40343
40343
40356
40361
40373
40376
40390
40393
40400
40402
40406
40420
40435
40439
40441
40442
40443
40445
40452
40452
40485
40505
40510
40520
40569
40572
40578
40584
40597
40605
40609
40609
40610
40619
40636
40660
40664
40669
40670
40670
40679
40684
40695
40696
40701
40703
40710
40717
40719
40721
40722
40724
40728
40735
40749
40754
40758
40763
40781
40792
40793
40802
40804
40832
40840
40844
40844
40849
40859
40863
40869
40872
40872
40878
40903
40909
40912
40913
40922
40923
40936
40938
40942
40948
40964
40972
40985
41006
41015
41020
41029
41033
41053
41060
41069
41074
41076
41081
41081
41092
41128
41128
41141
41142
41158
41159
41163
41163
41171
41197
41211
41212
41221
41227
41231
41246
41255
41274
41275
41286
41288
41295
41296
41297
41297
41315
41351
41354
41362
41362
41368
41368
41376
41383
41389
41392
41399
41410
41419
41421
41427
41436
41439
41439
41448
41449
41449
41453
41455
41469
41470
41471
41474
41475
41476
41495
41503
41513
41518
41519
41520
41522
41529
41541
41546
41546
41548
41558
41559
41566
41568
41569
41574
41578
41582
41585
41589
41604
41606
41611
41613
41618
41622
41633
41639
41642
41642
41645
41646
41649
41653
41660
41684
41686
41688
41692
41703
41707
41732
41746
41747
41748
41750
41780
41783
41785
41790
41817
41822
41822
41834
41840
41855
41862
41863
41864
41871
41887
41896
41907
41915
41923
41923
41929
41929
41929
41935
41935
41950
41953
41954
41956
41956
41974
41978
41982
41984
41995
41996
42004
42010
42011
42013
42024
42029
42032
42035
42038
42043
42045
42055
42061
42073
42098
42102
42102
42114
42122
42125
42163
42169
42184
42187
42192
42196
42203
42205
42206
42222
42223
42224
42228
42232
42240
42244
42247
42250
42251
42251
42253
42258
42258
42260
42264
42267
42268
42276
42289
42292
42293
42299
42308
42325
42336
42340
42342
42356
42357
42362
42379
42379
42391
42395
42396
42398
42401
42405
42411
42411
42413
42414
42419
42420
42432
42443
42452
42461
42464
42469
42477
42487
42491
42496
42505
42506
42522
42531
42535
42537
42556
42572
42574
42578
42587
42596
42597
42614
42617
42622
42624
42628
42631
42645
42650
42654
42654
42659
42660
42663
42669
42671
42684
42685
42692
42698
42705
42712
42714
42738
42738
42762
42766
42775
42793
42796
42800
42802
42805
42810
42812
42818
42819
42819
42821
42838
42844
42849
42861
42870
42878
42883
42886
42892
42893
42902
42905
42919
42934
42942
42949
42959
42960
42966
42968
42996
42999
43003
43010
43012
43022
43022
43036
43041
43043
43074
43075
43076
43076
43094
43094
43097
43103
43104
43110
43114
43114
43130
43134
43134
43155
43161
43163
43172
43178
43186
43190
43195
43210
43213
43214
43216
43221
43244
43250
43253
43259
43266
43271
43278
43287
43298
43302
43306
43314
43316
43320
43323
43345
43345
43346
43384
43384
43388
43402
43419
43419
43423
43469
43469
43472
43473
43478
43488
43494
43505
43517
43527
43528
43555
43562
43564
43570
43573
43574
43579
43581
43588
43592
43593
43593
43601
43602
43611
43629
43645
43656
43666
43666
43671
43681
43685
43698
43700
43709
43710
43712
43717
43721
43722
43727
43739
43754
43755
43767
43769
43781
43783
43788
43793
43794
43806
43811
43812
43825
43828
43845
43855
43876
43896
43903
43904
43911
43913
43918
43925
43929
43930
43947
43948
43951
43954
43955
43955
43957
43964
43966
43968
43972
43973
43980
43990
43990
43997
44011
44016
44018
44027
44033
44035
44056
44071
44081
44087
44095
44103
44130
44136
44137
44138
44152
44159
44178
44178
44185
44188
44193
44208
44216
44221
44222
44227
44232
44266
44268
44271
44278
44279
44283
44287
44291
44321
44324
44326
44335
44347
44351
44355
44372
44378
44392
44392
44399
44403
44403
44403
44413
44419
44425
44429
44430
44430
44430
44434
44453
44456
44468
44470
44470
44476
44476
44490
44503
44524
44524
44532
44534
44536
44540
44541
44557
44557
44558
44558
44559
44580
44586
44594
44597
44605
44606
44613
44614
44620
44623
44628
44638
44640
44642
44643
44681
44686
44687
44700
44705
44705
44711
44725
44735
44736
44747
44748
44751
44753
44763
44766
44768
44769
44771
44782
44793
44796
44805
44809
44812
44820
44821
44830
44836
44850
44851
44852
44853
44854
44872
44878
44879
44882
44886
44886
44895
44896
44911
44917
44925
44940
44942
44943
44944
44954
44973
44985
44986
45003
45010
45020
45022
45022
45026
45042
45054
45056
45066
45068
45076
45079
45084
45092
45103
45106
45109
45112
45121
45142
45146
45166
45169
45169
45179
45182
45186
45197
45210
45216
45231
45240
45249
45249
45252
45268
45269
45277
45283
45286
45290
45292
45309
45315
45331
45345
45353
45365
45373
45374
45388
45392
45392
45412
45413
45422
45430
45432
45458
45468
45476
45477
45483
45492
45493
45500
45520
45533
45543
45547
45563
45565
45581
45584
45587
45587
45591
45594
45600
45609
45610
45611
45613
45622
45642
45644
45647
45648
45652
45652
45661
45664
45673
45682
45691
45709
45711
45712
45712
45714
45715
45727
45731
45733
45734
45735
45743
45752
45758
45763
45769
45769
45771
45822
45825
45832
45833
45837
45859
45873
45879
45882
45885
45894
45895
45900
45905
45912
45924
45929
45929
45937
45938
45993
45995
46008
46017
46020
46024
46028
46035
46036
46037
46050
46061
46064
46072
46075
46079
46088
46091
46094
46096
46099
46107
46112
46117
46121
46122
46128
46131
46132
46161
46162
46164
46165
46189
46189
46194
46200
46205
46206
46209
46219
46227
46230
46250
46271
46278
46280
46289
46291
46292
46298
46324
46331
46340
46351
46356
46358
46376
46377
46383
46414
46418
46418
46418
46436
46444
46482
46493
46495
46506
46518
46523
46531
46539
46544
46545
46550
46558
46568
46583
46590
46593
46597
46597
46601
46606
46609
46614
46625
46639
46640
46644
46646
46649
46654
46654
46660
46663
46664
46698
46699
46700
46708
46724
46728
46733
46737
46738
46744
46754
46755
46800
46814
46822
46845
46850
46861
46865
46868
46878
46888
46916
46922
46938
46942
46949
46953
46958
46961
46963
46966
46974
46975
46978
46983
46986
46987
46993
47007
47020
47023
47031
47034
47036
47041
47044
47046
47048
47052
47053
47053
47053
47054
47057
47064
47069
47070
47079
47083
47088
47096
47113
47119
47126
47126
47134
47134
47142
47145
47156
47161
47163
47182
47185
47192
47199
47207
47222
47225
47235
47235
47250
47253
47255
47269
47271
47283
47286
47296
47300
47324
47324
47330
47340
47342
47346
47346
47355
47379
47388
47396
47402
47404
47415
47418
47421
47422
47428
47431
47435
47437
47441
47444
47448
47452
47456
47456
47463
47464
47469
47471
47471
47474
47474
47475
47477
47505
47510
47512
47519
47540
47549
47553
47554
47581
47597
47602
47602
47615
47631
47637
47638
47638
47639
47640
47651
47653
47654
47654
47656
47661
47677
47683
47684
47686
47700
47701
47716
47716
47717
47723
47734
47740
47752
47760
47761
47763
47786
47794
47801
47803
47805
47814
47817
47820
47825
47833
47846
47860
47861
47873
47893
47901
47931
47935
47936
47947
47958
47962
47968
47972
47972
47982
47983
47997
48000
48011
48014
48018
48021
48027
48037
48038
48038
48046
48046
48046
48047
48062
48064
48068
48075
48083
48093
48099
48112
48121
48129
48135
48145
48145
48157
48163
48173
48177
48183
48189
48223
48230
48231
48232
48240
48245
48247
48250
48255
48268
48293
48293
48294
48295
48296
48299
48300
48300
48305
48307
48326
48329
48334
48359
48370
48379
48387
48387
48389
48394
48395
48400
48404
48426
48430
48435
48452
48468
48470
48478
48485
48504
48513
48533
48537
48541
48547
48556
48562
48575
48586
48588
48588
48592
48604
48628
48630
48633
48646
48649
48652
48652
48665
48667
48668
48674
48684
48698
48704
48711
48721
48725
48727
48735
48736
48743
48744
48754
48761
48762
48764
48773
48774
48782
48802
48809
48822
48824
48834
48841
48843
48857
48892
48896
48910
48931
48938
48940
48947
48953
48959
48963
48966
48967
48983
48991
49002
49005
49013
49016
49031
49038
49039
49062
49071
49087
49097
49103
49103
49115
49117
49152
49155
49158
49158
49158
49164
49170
49174
49177
49177
49184
49184
49188
49192
49196
49204
49208
49208
49220
49221
49226
49235
49240
49242
49250
49252
49257
49261
49265
49273
49273
49289
49291
49308
49312
49322
49323
49324
49325
49344
49351
49354
49358
49365
49366
49369
49370
49374
49375
49384
49401
49404
49407
49409
49411
49414
49420
49425
49428
49433
49439
49440
49445
49448
49469
49476
49484
49488
49489
49493
49500
49504
49518
49524
49540
49579
49584
49591
49596
49617
49620
49622
49640
49652
49654
49664
49671
49672
49674
49675
49678
49683
49689
49707
49711
49711
49730
49738
49750
49757
49759
49767
49774
49775
49782
49784
49788
49789
49795
49796
49798
49809
49809
49814
49822
49827
49831
49838
49840
49840
49853
49854
49855
49864
49865
49867
49878
49881
49882
49887
49892
49894
49898
49906
49912
49912
49915
49917
49920
49920
49925
49941
49950
49958
49959
49962
49974
49974
49977
49983
49988
49993
50000
50001
50011
50017
50034
50050
50055
50055
50058
50058
50072
50080
50084
50092
50093
50096
50100
50103
50104
50106
50124
50125
50146
50164
50177
50188
50203
50204
50211
50225
50227
50229
50230
50230
50232
50249
50252
50254
50270
50275
50276
50285
50308
50316
50329
50330
50331
50335
50344
50351
50356
50356
50372
50379
50383
50385
50385
50391
50403
50415
50416
50424
50431
50441
50445
50450
50458
50481
50492
50495
50505
50508
50512
50517
50519
50519
50529
50532
50542
50555
50557
50581
50582
50587
50592
50596
50611
50614
50626
50629
50632
50632
50651
50654
50672
50672
50677
50679
50695
50701
50703
50704
50711
50715
50717
50723
50724
50730
50733
50738
50751
50754
50756
50762
50766
50768
50786
50803
50809
50812
50817
50817
50828
50842
50862
50863
50867
50869
50883
50883
50886
50896
50900
50901
50922
50922
50932
50935
50936
50946
50962
50968
50972
50973
50979
51007
51010
51014
51022
51025
51036
51039
51057
51061
51068
51072
51081
51083
51088
51098
51101
51105
51106
51106
51112
51114
51119
51127
51133
51143
51145
51148
51159
51162
51163
51173
51174
51178
51182
51187
51192
51193
51193
51204
51211
51215
51222
51225
51226
51229
51234
51242
51243
51247
51252
51256
51258
51260
51263
51283
51285
51287
51298
51300
51302
51305
51310
51318
51338
51338
51341
51356
51360
51361
51370
51378
51383
51406
51413
51416
51427
51427
51428
51434
51435
51436
51438
51442
51456
51465
51468
51474
51479
51483
51484
51513
51516
51524
51526
51531
51535
51541
51560
51564
51577
51587
51589
51599
51609
51615
51615
51619
51620
51632
51638
51645
51650
51670
51683
51686
51689
51690
51692
51695
51699
51713
51719
51723
51731
51738
51738
51741
51750
51753
51757
51762
51768
51773
51776
51777
51784
51786
51799
51799
51813
51819
51823
51823
51834
51847
51851
51858
51860
51860
51867
51879
51888
51896
51898
51904
51907
51907
51915
51915
51916
51921
51926
51931
51944
51945
51951
51956
51957
51958
51960
51978
51980
51988
51989
51990
51993
52002
52003
52006
52010
52014
52021
52021
52026
52047
52052
52059
52060
52068
52068
52073
52074
52086
52087
52089
52108
52111
52118
52120
52125
52137
52148
52150
52152
52164
52168
52173
52182
52194
52197
52207
52211
52213
52213
52214
52221
52224
52225
52227
52232
52239
52242
52244
52253
52267
52280
52294
52294
52299
52332
52338
52340
52352
52354
52357
52363
52369
52382
52388
52390
52391
52393
52396
52398
52404
52414
52416
52428
52430
52431
52433
52434
52443
52448
52463
52502
52512
52542
52542
52571
52578
52584
52586
52591
52597
52600
52602
52607
52613
52618
52622
52623
52636
52637
52639
52640
52642
52655
52655
52660
52660
52662
52663
52665
52692
52698
52708
52740
52740
52741
52745
52746
52749
52770
52779
52787
52794
52794
52802
52804
52810
52813
52814
52818
52831
52837
52838
52842
52847
52859
52864
52864
52875
52885
52894
52897
52899
52903
52909
52909
52914
52925
52927
52930
52946
52951
52955
52957
52965
52974
52976
52977
52991
52992
52999
53013
53016
53017
53022
53041
53051
53061
53066
53091
53097
53104
53123
53124
53134
53137
53137
53138
53141
53145
53153
53157
53162
53165
53166
53166
53167
53171
53178
53179
53179
53181
53193
53203
53224
53231
53252
53252
53253
53257
53271
53284
53313
53323
53325
53334
53347
53349
53355
53359
53363
53363
53364
53371
53380
53381
53396
53400
53420
53422
53426
53429
53463
53471
53480
53484
53494
53497
53501
53520
53527
53528
53528
53561
53569
53578
53580
53580
53589
53589
53592
53595
53603
53605
53606
53612
53616
53648
53656
53656
53659
53661
53674
53679
53681
53687
53696
53700
53739
53750
53752
53754
53755
53762
53774
53779
53780
53785
53787
53795
53800
53809
53812
53816
53824
53827
53833
53839
53844
53852
53864
53872
53874
53884
53911
53916
53931
53933
53942
53945
53957
53960
53963
53971
53974
53990
53999
54006
54010
54015
54030
54033
54052
54057
54058
54066
54067
54083
54094
54101
54102
54103
54108
54131
54136
54137
54138
54149
54152
54158
54174
54174
54177
54180
54183
54187
54194
54196
54201
54209
54221
54239
54240
54243
54250
54253
54253
54258
54270
54273
54274
54288
54288
54291
54293
54312
54328
54331
54333
54334
54342
54373
54384
54386
54395
54405
54440
54463
54465
54467
54472
54472
54473
54479
54480
54491
54500
54503
54504
54516
54516
54523
54528
54547
54548
54553
54559
54561
54567
54575
54576
54582
54585
54586
54595
54598
54603
54603
54611
54613
54613
54619
54620
54644
54674
54684
54687
54687
54688
54701
54712
54715
54717
54725
54726
54738
54739
54747
54778
54782
54805
54840
54847
54848
54859
54865
54880
54883
54884
54884
54885
54894
54905
54909
54911
54911
54913
54941
54950
54957
54970
54970
54971
54976
54976
54979
54979
55002
55003
55007
55012
55016
55027
55034
55037
55040
55041
55041
55043
55043
55045
55048
55057
55093
55093
55094
55095
55115
55127
55130
55147
55148
55158
55161
55161
55164
55176
55188
55194
55196
55201
55202
55207
55218
55224
55227
55228
55234
55234
55239
55247
55248
55251
55262
55272
55275
55280
55289
55298
55312
55315
55322
55330
55332
55334
55335
55340
55348
55349
55353
55356
55361
55366
55372
55376
55379
55380
55385
55390
55399
55399
55401
55401
55423
55427
55439
55443
55450
55457
55463
55474
55475
55476
55483
55486
55495
55497
55498
55507
55509
55523
55526
55528
55535
55541
55555
55560
55584
55600
55604
55614
55618
55621
55636
55650
55654
55655
55658
55661
55676
55688
55700
55705
55727
55729
55729
55730
55743
55744
55745
55755
55756
55765
55765
55775
55778
55778
55781
55795
55797
55801
55803
55805
55816
55822
55828
55842
55844
55849
55852
55852
55876
55879
55883
55888
55891
55893
55894
55905
55906
55931
55938
55942
55955
55962
55964
55979
55993
55996
55998
56004
56012
56014
56020
56023
56033
56037
56037
56038
56053
56055
56072
56074
56077
56081
56089
56108
56114
56137
56144
56159
56162
56174
56185
56187
56196
56197
56200
56203
56229
56231
56247
56249
56264
56264
56283
56284
56299
56309
56325
56327
56329
56333
56333
56349
56364
56366
56374
56381
56382
56382
56386
56390
56413
56415
56416
56420
56423
56425
56450
56454
56456
56458
56481
56484
56484
56486
56498
56501
56502
56515
56519
56522
56526
56527
56554
56556
56560
56560
56561
56565
56574
56575
56575
56580
56586
56588
56610
56618
56624
56626
56649
56653
56655
56669
56673
56673
56682
56702
56703
56708
56711
56715
56720
56723
56725
56736
56737
56737
56743
56747
56756
56756
56760
56762
56776
56802
56802
56809
56814
56817
56828
56834
56834
56835
56836
56846
56860
56864
56890
56890
56900
56902
56914
56929
56933
56947
56955
56956
56962
56967
56971
56976
56977
56990
56999
57005
57011
57015
57021
57022
57024
57039
57047
57068
57069
57070
57073
57077
57088
57108
57108
57121
57125
57131
57136
57138
57149
57156
57161
57170
57172
57175
57180
57181
57185
57186
57189
57190
57208
57214
57217
57227
57234
57265
57278
57279
57280
57310
57311
57315
57330
57346
57355
57365
57386
57389
57392
57393
57397
57407
57411
57411
57421
57432
57433
57436
57444
57446
57446
57464
57467
57470
57473
57488
57488
57488
57491
57491
57501
57502
57511
57516
57519
57524
57524
57526
57530
57535
57540
57545
57548
57549
57549
57551
57556
57592
57602
57605
57608
57611
57625
57631
57644
57670
57686
57702
57703
57705
57713
57720
57721
57723
57733
57737
57753
57755
57756
57764
57765
57769
57770
57775
57786
57794
57796
57797
57807
57822
57824
57832
57835
57840
57842
57868
57868
57871
57874
57895
57913
57915
57917
57932
57943
57950
57951
57953
57956
57959
57965
57973
57985
57985
57991
57992
57995
58006
58016
58018
58029
58034
58035
58036
58040
58040
58042
58049
58050
58053
58060
58066
58069
58072
58081
58091
58097
58106
58109
58113
58117
58121
58124
58128
58128
58132
58134
58136
58140
58143
58144
58152
58155
58157
58178
58197
58203
58203
58208
58216
58227
58227
58228
58231
58233
58243
58260
58261
58263
58267
58268
58278
58311
58317
58326
58327
58329
58352
58357
58363
58364
58367
58373
58373
58377
58385
58397
58403
58405
58406
58409
58422
58442
58449
58456
58462
58462
58463
58468
58475
58476
58478
58485
58494
58499
58502
58505
58514
58528
58541
58552
58555
58556
58568
58583
58590
58595
58595
58607
58613
58618
58618
58623
58628
58651
58662
58664
58676
58690
58698
58713
58713
58715
58715
58716
58717
58730
58730
58738
58739
58748
58748
58753
58762
58778
58786
58788
58788
58794
58798
58801
58810
58812
58818
58821
58825
58834
58843
58854
58874
58893
58901
58915
58918
58921
58921
58931
58932
58932
58937
58938
58942
58949
58961
58982
58983
58983
58988
59002
59003
59011
59011
59016
59018
59025
59032
59040
59049
59053
59059
59062
59072
59073
59075
59080
59084
59096
59101
59106
59118
59118
59124
59129
59157
59160
59161
59173
59182
59186
59192
59193
59200
59202
59204
59226
59241
59242
59245
59262
59273
59281
59282
59293
59309
59314
59316
59318
59331
59336
59350
59360
59360
59362
59364
59365
59380
59381
59381
59384
59384
59385
59389
59394
59408
59409
59409
59412
59432
59436
59449
59453
59482
59505
59534
59541
59542
59549
59550
59553
59585
59587
59589
59593
59596
59622
59628
59632
59637
59639
59642
59665
59668
59673
59674
59675
59682
59690
59690
59692
59694
59699
59708
59715
59730
59739
59749
59755
59772
59779
59779
59780
59802
59804
59814
59827
59828
59831
59835
59835
59846
59862
59868
59880
59887
59892
59907
59915
59916
59916
59921
59926
59940
59941
59955
59964
59965
59969
59977
59983
59984
59989
59989
59997
60004
60004
60029
60030
60031
60037
60042
60056
60059
60061
60072
60073
60074
60077
60080
60096
60101
60103
60108
60118
60119
60130
60138
60140
60143
60144
60151
60154
60159
60173
60180
60196
60199
60209
60221
60227
60241
60241
60248
60253
60254
60258
60259
60259
60267
60273
60277
60298
60320
60328
60330
60334
60339
60340
60344
60347
60356
60376
60378
60379
60379
60381
60413
60426
60429
60430
60442
60448
60450
60455
60459
60466
60466
60468
60472
60484
60493
60500
60511
60516
60518
60519
60520
60522
60530
60538
60540
60543
60549
60555
60556
60559
60569
60577
60584
60606
60612
60616
60627
60628
60635
60637
60639
60651
60652
60660
60662
60676
60681
60705
60705
60708
60719
60720
60722
60729
60738
60746
60746
60752
60754
60758
60774
60776
60784
60788
60792
60792
60796
60812
60820
60827
60828
60838
60852
60855
60865
60887
60889
60890
60898
60911
60912
60916
60920
60924
60932
60932
60951
60954
60956
60963
60972
60985
60991
60993
61000
61003
61010
61019
61028
61030
61032
61034
61041
61049
61059
61061
61062
61066
61077
61086
61092
61093
61093
61123
61123
61133
61140
61141
61141
61150
61161
61161
61172
61174
61186
61192
61197
61204
61222
61230
61261
61274
61274
61287
61288
61289
61304
61306
61306
61318
61332
61351
61352
61369
61371
61375
61390
61391
61400
61407
61413
61426
61433
61438
61440
61448
61455
61459
61462
61462
61474
61485
61487
61494
61505
61530
61533
61549
61551
61568
61575
61580
61583
61588
61595
61609
61610
61614
61617
61632
61635
61645
61655
61656
61661
61667
61668
61681
61682
61688
61689
61695
61695
61696
61704
61717
61728
61730
61734
61736
61745
61752
61755
61767
61780
61780
61789
61790
61791
61793
61798
61800
61808
61814
61817
61827
61844
61848
61849
61850
61856
61858
61862
61866
61868
61877
61891
61900
61900
61906
61909
61930
61930
61932
61937
61943
61943
61948
61956
61978
61997
61997
61999
62010
62013
62014
62019
62020
62032
62035
62036
62042
62045
62054
62061
62066
62068
62078
62090
62117
62117
62143
62150
62156
62175
62182
62202
62221
62222
62223
62230
62232
62234
62266
62278
62298
62308
62308
62309
62325
62328
62343
62356
62361
62363
62363
62379
62386
62390
62390
62406
62408
62413
62425
62425
62445
62460
62461
62471
62480
62484
62493
62520
62531
62542
62546
62552
62557
62569
62575
62578
62589
62591
62591
62592
62595
62596
62596
62609
62613
62618
62618
62619
62626
62630
62636
62637
62638
62638
62639
62652
62653
62657
62657
62681
62691
62704
62707
62709
62710
62717
62735
62740
62748
62755
62788
62798
62803
62805
62816
62819
62821
62825
62830
62835
62849
62855
62872
62884
62888
62894
62911
62914
62928
62930
62948
62955
62966
62978
62981
62997
63016
63024
63027
63028
63029
63048
63054
63071
63072
63073
63076
63078
63079
63084
63087
63097
63103
63104
63104
63114
63123
63128
63135
63146
63147
63148
63152
63155
63159
63161
63162
63172
63178
63180
63186
63188
63205
63217
63222
63233
63233
63238
63254
63280
63284
63300
63306
63324
63331
63340
63345
63347
63355
63365
63366
63383
63384
63385
63425
63427
63428
63440
63443
63445
63471
63476
63483
63491
63492
63502
63536
63542
63552
63564
63578
63581
63600
63602
63604
63607
63615
63619
63624
63637
63650
63655
63657
63657
63659
63664
63666
63673
63692
63694
63699
63708
63720
63725
63734
63734
63736
63738
63741
63757
63759
63774
63775
63790
63815
63826
63830
63835
63841
63849
63851
63852
63853
63858
63864
63867
63880
63881
63898
63899
63900
63903
63907
63920
63930
63944
63952
63967
63970
63983
63984
63987
63990
63998
64005
64016
64018
64021
64026
64027
64028
64030
64037
64039
64040
64044
64045
64046
64056
64059
64060
64065
64066
64066
64080
64081
64081
64084
64084
64091
64095
64096
64098
64100
64103
64106
64113
64122
64124
64127
64129
64136
64137
64139
64164
64165
64171
64172
64176
64187
64190
64193
64200
64204
64208
64211
64222
64228
64247
64255
64258
64261
64264
64270
64279
64283
64287
64292
64299
64301
64304
64313
64336
64338
64345
64347
64382
64384
64397
64402
64409
64416
64434
64439
64445
64447
64448
64458
64460
64463
64469
64475
64476
64481
64487
64494
64495
64503
64520
64524
64532
64536
64542
64546
64585
64587
64588
64593
64597
64597
64610
64612
64613
64621
64624
64632
64632
64635
64637
64647
64661
64668
64671
64671
64672
64676
64677
64687
64709
64715
64734
64738
64738
64740
64751
64762
64793
64803
64807
64814
64816
64820
64823
64847
64847
64849
64859
64860
64863
64867
64867
64875
64880
64888
64889
64915
64920
64924
64927
64928
64946
64961
64966
64971
64974
64978
64991
64995
65002
65013
65023
65025
65025
65026
65030
65037
65039
65039
65052
65068
65081
65085
65092
65106
65113
65119
65147
65149
65162
65163
65169
65177
65178
65182
65184
65190
65198
65199
65199
65206
65206
65207
65208
65211
65215
65225
65225
65229
65232
65232
65239
65242
65242
65251
65266
65275
65281
65282
65312
65312
65313
65319
65327
65328
65330
65333
65335
65351
65365
65370
65387
65390
65402
65406
65422
65434
65445
65446
65447
65458
65469
65471
65478
65479
65480
65486
65488
65492
65494
65501
65506
65507
65511
65519
65523
65534
65534
65540
65554
65557
65564
65570
65574
65586
65590
65595
65597
65599
65604
65616
65617
65630
65645
65647
65647
65665
65665
65666
65668
65676
65679
65680
65683
65684
65687
65694
65694
65695
65701
65704
65711
65713
65720
65724
65735
65736
65737
65743
65770
65778
65780
65793
65796
65810
65817
65819
65850
65851
65852
65856
65864
65868
65870
65888
65903
65905
65923
65925
65933
65936
65951
65952
65955
65964
65980
66000
66014
66019
66023
66023
66026
66036
66041
66044
66052
66058
66059
66063
66064
66068
66074
66076
66076
66094
66101
66102
66104
66117
66126
66133
66134
66139
66142
66143
66143
66143
66161
66183
66185
66189
66199
66201
66207
66208
66228
66228
66232
66232
66234
66290
66290
66298
66300
66307
66308
66315
66317
66330
66332
66336
66337
66338
66346
66353
66354
66357
66371
66376
66380
66380
66385
66396
66400
66401
66406
66415
66423
66441
66443
66447
66449
66455
66463
66470
66472
66478
66481
66483
66497
66516
66523
66523
66530
66534
66536
66551
66562
66566
66574
66576
66587
66607
66611
66615
66631
66632
66649
66650
66661
66662
66665
66667
66680
66689
66689
66699
66701
66702
66703
66705
66717
66719
66746
66748
66756
66769
66774
66781
66792
66801
66804
66807
66807
66828
66855
66859
66867
66868
66872
66875
66875
66882
66883
66894
66895
66897
66899
66905
66909
66913
66918
66919
66932
66932
66933
66943
66957
66973
66993
66996
67012
67032
67032
67036
67039
67043
67044
67054
67058
67066
67074
67079
67083
67084
67088
67091
67097
67100
67111
67116
67116
67118
67124
67133
67153
67157
67160
67171
67175
67178
67183
67190
67210
67234
67254
67254
67255
67258
67262
67267
67270
67279
67280
67285
67286
67287
67289
67291
67301
67303
67315
67319
67342
67358
67359
67363
67372
67376
67395
67398
67399
67402
67407
67413
67415
67418
67420
67426
67428
67440
67446
67447
67456
67458
67460
67462
67463
67465
67468
67468
67469
67471
67472
67473
67475
67483
67495
67501
67521
67527
67547
67554
67557
67577
67594
67604
67606
67615
67615
67620
67622
67622
67647
67649
67653
67655
67661
67666
67692
67708
67719
67722
67725
67729
67738
67745
67745
67748
67769
67769
67792
67796
67808
67810
67820
67826
67830
67833
67834
67841
67845
67847
67856
67864
67867
67867
67880
67903
67905
67921
67925
67927
67946
67948
67953
67969
67977
67978
67996
68000
68001
68007
68022
68029
68030
68033
68039
68040
68040
68040
68040
68044
68049
68054
68057
68071
68078
68078
68087
68089
68094
68107
68116
68120
68126
68127
68131
68139
68146
68151
68155
68157
68162
68165
68189
68219
68222
68229
68230
68233
68233
68236
68236
68240
68243
68244
68258
68271
68293
68295
68304
68309
68312
68322
68325
68337
68347
68348
68353
68355
68355
68402
68405
68410
68417
68420
68439
68443
68445
68455
68471
68480
68485
68493
68501
68502
68511
68517
68525
68537
68548
68564
68575
68579
68601
68624
68635
68644
68646
68656
68656
68681
68689
68698
68703
68708
68725
68725
68735
68748
68748
68756
68759
68765
68766
68770
68774
68797
68800
68801
68802
68815
68816
68823
68823
68829
68832
68832
68842
68844
68848
68861
68862
68862
68865
68874
68889
68890
68894
68907
68912
68929
68929
68935
68937
68940
68953
68954
68955
68958
68963
68966
68970
68973
68979
68980
68984
69027
69027
69033
69033
69038
69039
69044
69061
69063
69070
69079
69092
69094
69106
69114
69117
69122
69125
69125
69126
69135
69136
69140
69141
69143
69149
69150
69157
69164
69164
69171
69176
69179
69193
69194
69208
69210
69217
69220
69223
69253
69255
69271
69274
69275
69276
69279
69291
69296
69307
69308
69318
69326
69345
69346
69350
69358
69373
69391
69407
69418
69425
69429
69457
69462
69474
69475
69476
69479
69489
69489
69512
69512
69527
69532
69532
69533
69535
69540
69545
69552
69556
69558
69572
69584
69587
69593
69593
69603
69616
69618
69626
69631
69635
69639
69643
69647
69656
69663
69663
69664
69667
69678
69679
69708
69711
69721
69727
69729
69731
69746
69757
69772
69781
69785
69785
69790
69793
69797
69804
69813
69818
69826
69829
69836
69856
69865
69867
69870
69876
69880
69881
69892
69900
69904
69914
69923
69945
69949
69953
69973
69982
70009
70012
70020
70024
70025
70048
70058
70065
70078
70084
70101
70108
70111
70120
70123
70132
70136
70137
70138
70140
70140
70143
70145
70175
70196
70206
70209
70236
70246
70250
70251
70256
70267
70268
70277
70287
70302
70313
70319
70328
70331
70353
70359
70362
70368
70371
70384
70389
70414
70415
70415
70437
70441
70445
70453
70459
70460
70460
70467
70476
70481
70484
70500
70507
70515
70522
70524
70529
70540
70548
70548
70550
70552
70560
70578
70589
70590
70602
70608
70611
70615
70619
70638
70642
70643
70645
70651
70654
70654
70663
70665
70668
70670
70692
70693
70695
70696
70702
70706
70707
70716
70729
70729
70739
70747
70751
70752
70753
70754
70754
70761
70762
70770
70775
70781
70787
70790
70790
70795
70799
70822
70825
70827
70829
70829
70841
70844
70845
70860
70877
70878
70909
70911
70930
70933
70938
70943
70944
70948
70949
70949
70950
70964
70968
70973
70976
70987
70990
70994
71001
71003
71005
71010
71041
71043
71045
71046
71050
71051
71061
71063
71084
71091
71101
71106
71113
71120
71122
71122
71122
71126
71138
71144
71147
71147
71155
71162
71163
71165
71175
71180
71181
71183
71218
71223
71229
71230
71241
71245
71253
71259
71261
71272
71273
71274
71296
71329
71337
71339
71340
71342
71347
71348
71363
71364
71367
71371
71376
71389
71393
71397
71409
71415
71418
71425
71439
71447
71449
71455
71457
71461
71464
71466
71470
71472
71483
71485
71492
71500
71507
71527
71527
71528
71540
71543
71544
71574
71576
71577
71590
71599
71620
71620
71621
71622
71623
71623
71625
71627
71629
71633
71640
71649
71651
71655
71661
71661
71669
71680
71681
71694
71696
71697
71698
71708
71710
71715
71721
71723
71726
71730
71745
71748
71750
71755
71757
71768
71773
71774
71780
71783
71790
71799
71816
71817
71833
71850
71854
71864
71866
71881
71884
71892
71899
71910
71912
71918
71931
71935
71938
71940
71940
71954
71955
71960
71961
71981
71983
71986
71992
72010
72010
72012
72015
72019
72020
72025
72031
72033
72044
72063
72064
72066
72080
72082
72099
72113
72113
72120
72124
72124
72129
72135
72139
72150
72155
72163
72167
72176
72178
72189
72190
72191
72195
72197
72198
72214
72217
72217
72222
72223
72230
72231
72245
72246
72248
72282
72293
72299
72313
72322
72324
72337
72343
72365
72368
72370
72377
72381
72391
72394
72397
72402
72402
72406
72428
72435
72446
72451
72452
72456
72458
72459
72464
72465
72465
72476
72476
72485
72495
72506
72509
72537
72540
72542
72543
72546
72550
72555
72559
72571
72578
72587
72594
72599
72602
72611
72619
72625
72641
72641
72646
72659
72671
72675
72681
72681
72681
72683
72689
72693
72695
72705
72712
72730
72739
72741
72748
72750
72751
72751
72751
72753
72758
72758
72763
72764
72764
72772
72788
72801
72808
72810
72813
72822
72825
72831
72833
72848
72859
72867
72875
72882
72895
72903
72905
72916
72921
72923
72930
72939
72947
72948
72949
72952
72958
72958
72959
72965
72970
72981
72983
72983
72987
72991
73016
73032
73033
73047
73054
73056
73061
73062
73063
73067
73072
73072
73072
73086
73091
73093
73095
73101
73104
73128
73137
73158
73166
73167
73176
73177
73177
73191
73212
73217
73217
73234
73240
73241
73242
73247
73249
73254
73262
73295
73302
73311
73315
73339
73349
73353
73354
73376
73388
73406
73410
73411
73421
73423
73426
73432
73440
73445
73451
73455
73455
73460
73461
73466
73474
73495
73522
73524
73526
73535
73544
73546
73555
73564
73569
73591
73600
73610
73615
73621
73622
73629
73631
73636
73637
73639
73652
73654
73670
73679
73686
73686
73686
73688
73696
73698
73707
73708
73710
73723
73728
73731
73731
73737
73738
73738
73750
73771
73771
73776
73786
73790
73800
73801
73810
73813
73813
73816
73819
73827
73828
73830
73851
73861
73864
73874
73875
73883
73889
73890
73903
73912
73923
73923
73933
73935
73953
73956
73964
73978
73978
73981
73981
73981
73988
73992
74014
74017
74022
74044
74059
74059
74066
74075
74077
74085
74086
74092
74096
74107
74109
74124
74128
74142
74143
74151
74163
74164
74170
74171
74174
74197
74200
74216
74240
74253
74253
74261
74261
74263
74268
74273
74284
74285
74286
74302
74304
74307
74313
74343
74353
74363
74387
74401
74411
74414
74414
74444
74455
74459
74462
74462
74464
74470
74475
74521
74522
74529
74536
74536
74538
74552
74568
74574
74590
74610
74614
74617
74619
74621
74621
74625
74657
74665
74667
74683
74692
74701
74707
74722
74735
74737
74743
74749
74750
74756
74766
74769
74781
74791
74803
74816
74838
74839
74851
74874
74877
74878
74889
74892
74895
74902
74903
74914
74917
74925
74931
74936
74936
74942
74946
74948
74952
74954
74964
74966
74966
74968
74976
74983
74987
75003
75010
75012
75012
75017
75023
75024
75055
75066
75086
75101
75113
75117
75123
75126
75171
75190
75196
75202
75203
75204
75207
75209
75224
75226
75227
75228
75228
75232
75235
75250
75252
75267
75281
75288
75298
75305
75315
75315
75325
75329
75331
75332
75347
75351
75368
75368
75369
75397
75399
75412
75415
75457
75470
75475
75482
75487
75492
75504
75507
75511
75518
75521
75549
75558
75558
75560
75571
75573
75574
75575
75580
75582
75588
75599
75607
75609
75614
75620
75629
75636
75636
75636
75641
75643
75645
75648
75654
75675
75680
75688
75703
75704
75706
75715
75720
75739
75748
75750
75753
75758
75776
75781
75792
75808
75829
75834
75837
75839
75839
75850
75859
75866
75876
75879
75894
75897
75908
75909
75909
75915
75919
75920
75920
75925
75946
75952
75957
75959
75968
75969
75971
75976
75978
75979
75981
76001
76009
76010
76014
76020
76026
76026
76027
76031
76032
76045
76050
76076
76080
76083
76087
76099
76106
76119
76123
76127
76128
76134
76134
76156
76168
76173
76182
76191
76193
76209
76211
76237
76265
76282
76288
76292
76294
76310
76319
76325
76326
76329
76329
76331
76332
76334
76336
76337
76338
76341
76360
76363
76369
76371
76375
76382
76401
76431
76434
76436
76436
76439
76440
76447
76448
76474
76474
76479
76482
76493
76494
76505
76507
76510
76520
76523
76524
76534
76540
76540
76544
76545
76549
76567
76575
76587
76589
76613
76614
76619
76624
76630
76655
76669
76686
76733
76738
76772
76777
76781
76803
76808
76824
76825
76827
76836
76846
76850
76854
76859
76859
76869
76871
76872
76875
76891
76891
76901
76910
76910
76913
76915
76921
76926
76943
76943
76945
76946
76954
76979
76992
76993
77003
77018
77025
77036
77040
77042
77058
77061
77068
77070
77070
77073
77083
77092
77092
77096
77106
77114
77120
77132
77137
77154
77160
77161
77162
77166
77173
77174
77183
77198
77206
77210
77213
77215
77215
77219
77222
77223
77238
77240
77258
77263
77264
77267
77284
77286
77288
77292
77293
77295
77296
77302
77316
77328
77331
77336
77340
77347
77348
77348
77352
77383
77397
77405
77427
77431
77433
77450
77453
77453
77471
77472
77476
77481
77484
77484
77497
77499
77504
77504
77516
77517
77525
77525
77539
77544
77552
77559
77568
77569
77571
77599
77600
77616
77620
77625
77640
77645
77648
77654
77674
77693
77701
77704
77705
77707
77711
77713
77713
77719
77731
77746
77751
77756
77777
77791
77795
77798
77818
77823
77826
77826
77838
77848
77848
77860
77861
77879
77879
77881
77889
77891
77893
77907
77913
77913
77931
77935
77940
77942
77953
77954
77955
77955
77960
77977
77986
77992
77994
78003
78004
78015
78028
78033
78036
78040
78048
78049
78052
78053
78055
78056
78058
78059
78061
78061
78091
78095
78096
78120
78125
78128
78143
78152
78187
78199
78199
78211
78212
78225
78234
78243
78243
78264
78264
78274
78277
78284
78295
78303
78312
78322
78322
78324
78325
78334
78340
78341
78349
78361
78365
78369
78390
78393
78405
78407
78424
78426
78473
78475
78479
78495
78499
78526
78530
78532
78539
78543
78544
78553
78561
78571
78582
78582
78596
78601
78604
78609
78609
78615
78626
78627
78627
78645
78646
78656
78660
78679
78683
78687
78693
78702
78712
78713
78733
78742
78743
78755
78762
78772
78775
78795
78795
78796
78797
78799
78817
78827
78828
78829
78836
78838
78847
78857
78863
78863
78868
78873
78879
78884
78885
78904
78906
78908
78911
78913
78913
78915
78919
78921
78922
78925
78940
78944
78946
78949
78950
78968
78983
79002
79004
79004
79011
79021
79023
79023
79029
79036
79040
79063
79070
79074
79083
79093
79095
79106
79111
79114
79118
79120
79138
79144
79153
79157
79158
79180
79181
79189
79195
79200
79220
79223
79232
79234
79235
79238
79243
79244
79248
79248
79252
79253
79253
79266
79287
79292
79304
79304
79305
79305
79308
79331
79355
79359
79359
79372
79373
79376
79380
79383
79385
79399
79404
79416
79421
79423
79432
79439
79442
79451
79457
79468
79468
79473
79475
79477
79480
79482
79490
79500
79501
79504
79510
79512
79535
79538
79539
79541
79589
79590
79600
79605
79607
79612
79612
79627
79627
79631
79636
79661
79667
79670
79672
79695
79698
79699
79699
79700
79702
79708
79710
79719
79727
79733
79751
79754
79767
79768
79772
79773
79776
79789
79795
79803
79805
79812
79815
79816
79819
79819
79824
79824
79827
79835
79838
79843
79847
79848
79848
79849
79860
79863
79864
79871
79895
79898
79902
79904
79914
79927
79945
79950
79951
79955
79957
79957
79960
79974
79977
79983
79990
79995
80015
80025
80031
80032
80035
80053
80059
80064
80096
80096
80099
80120
80120
80125
80136
80138
80141
80142
80143
80151
80153
80170
80190
80193
80196
80198
80200
80209
80236
80239
80244
80249
80270
80274
80279
80292
80319
80328
80333
80341
80351
80357
80361
80370
80370
80381
80396
80410
80415
80416
80417
80426
80432
80440
80452
80463
80472
80486
80506
80511
80512
80512
80546
80549
80550
80557
80559
80563
80586
80592
80612
80617
80621
80634
80635
80639
80644
80646
80656
80658
80679
80691
80695
80702
80731
80731
80734
80738
80742
80767
80768
80771
80773
80777
80788
80793
80797
80810
80823
80828
80830
80830
80832
80840
80853
80857
80868
80869
80875
80877
80882
80885
80885
80888
80894
80896
80896
80897
80902
80908
80909
80909
80919
80935
80958
80967
80976
80979
80981
80987
80993
81006
81012
81013
81019
81025
81028
81038
81038
81042
81062
81066
81074
81075
81082
81094
81095
81098
81098
81100
81103
81117
81122
81124
81125
81127
81127
81129
81132
81149
81154
81180
81194
81197
81202
81213
81216
81219
81227
81248
81260
81261
81263
81271
81288
81298
81308
81320
81321
81322
81326
81336
81351
81351
81352
81355
81356
81366
81368
81374
81380
81382
81400
81403
81427
81437
81441
81444
81445
81455
81458
81465
81474
81484
81488
81489
81503
81504
81507
81514
81519
81525
81534
81535
81547
81551
81562
81574
81590
81597
81603
81607
81613
81626
81634
81650
81658
81672
81674
81675
81680
81686
81688
81690
81696
81700
81700
81708
81723
81725
81729
81735
81761
81770
81781
81791
81791
81795
81800
81806
81810
81838
81843
81853
81871
81872
81874
81875
81876
81879
81883
81890
81894
81896
81930
81944
81955
81955
81969
81969
81970
81974
81976
81990
81997
81997
82009
82015
82023
82028
82031
82044
82051
82056
82066
82076
82076
82085
82100
82103
82105
82107
82113
82126
82126
82133
82142
82145
82156
82157
82161
82164
82167
82180
82184
82193
82196
82217
82223
82225
82225
82226
82231
82232
82238
82241
82251
82269
82270
82305
82307
82322
82325
82325
82330
82335
82336
82353
82359
82368
82369
82375
82380
82391
82398
82401
82405
82409
82412
82414
82416
82421
82442
82443
82444
82446
82450
82452
82454
82456
82460
82462
82466
82467
82501
82508
82510
82515
82520
82520
82524
82526
82530
82535
82540
82545
82561
82564
82567
82609
82621
82625
82633
82636
82641
82645
82651
82657
82678
82681
82682
82685
82692
82707
82738
82763
82763
82774
82789
82800
82806
82813
82816
82829
82831
82836
82842
82843
82849
82851
82860
82865
82875
82878
82880
82890
82894
82898
82913
82914
82918
82928
82929
82932
82945
82950
82957
82963
82966
82972
82990
82991
82992
82994
83011
83015
83015
83033
83057
83070
83070
83071
83081
83082
83084
83088
83089
83091
83095
83106
83109
83112
83113
83123
83126
83133
83133
83165
83167
83175
83189
83191
83192
83201
83206
83218
83225
83248
83248
83260
83268
83279
83285
83304
83307
83327
83349
83361
83363
83368
83373
83377
83378
83381
83381
83387
83395
83398
83398
83403
83404
83410
83414
83414
83424
83429
83436
83437
83439
83452
83458
83461
83462
83463
83483
83489
83494
83496
83500
83509
83512
83532
83535
83539
83543
83551
83555
83558
83560
83562
83571
83581
83584
83602
83603
83613
83616
83621
83629
83633
83634
83636
83644
83644
83650
83651
83656
83679
83680
83681
83682
83684
83685
83686
83702
83713
83722
83723
83725
83729
83753
83754
83755
83755
83766
83766
83766
83767
83780
83785
83787
83789
83799
83799
83815
83816
83819
83823
83837
83860
83873
83874
83875
83876
83887
83888
83894
83903
83910
83921
83951
83961
83982
83983
83994
83997
84004
84007
84031
84032
84054
84057
84072
84074
84081
84086
84093
84097
84097
84102
84107
84113
84115
84137
84143
84147
84166
84168
84170
84177
84182
84187
84214
84237
84241
84241
84248
84251
84267
84280
84280
84290
84291
84295
84311
84315
84315
84322
84326
84358
84360
84361
84371
84378
84384
84391
84410
84417
84423
84426
84432
84438
84457
84459
84465
84471
84474
84477
84479
84487
84503
84507
84513
84518
84522
84524
84524
84528
84533
84542
84546
84549
84553
84574
84586
84590
84594
84596
84596
84602
84613
84614
84626
84633
84641
84642
84655
84674
84677
84686
84689
84690
84691
84692
84706
84707
84711
84712
84715
84726
84732
84757
84761
84764
84772
84773
84780
84789
84790
84804
84814
84841
84845
84849
84850
84860
84866
84871
84878
84883
84888
84890
84892
84892
84894
84900
84918
84922
84923
84934
84943
84949
84950
84977
85016
85022
85022
85024
85024
85025
85031
85033
85038
85055
85072
85087
85091
85091
85099
85103
85114
85124
85128
85140
85149
85149
85152
85166
85173
85180
85191
85199
85204
85208
85213
85219
85237
85237
85239
85247
85249
85258
85263
85264
85274
85286
85294
85301
85308
85309
85314
85316
85319
85321
85326
85329
85332
85345
85346
85349
85354
85358
85363
85373
85390
85392
85396
85401
85407
85407
85410
85410
85414
85415
85426
85459
85465
85466
85495
85508
85520
85530
85565
85574
85578
85584
85596
85599
85603
85604
85608
85610
85616
85617
85622
85626
85646
85646
85655
85658
85661
85671
85677
85678
85691
85695
85703
85713
85716
85717
85717
85719
85726
85737
85738
85751
85752
85759
85769
85770
85776
85778
85785
85786
85820
85827
85833
85835
85837
85841
85843
85846
85848
85851
85861
85884
85895
85901
85903
85909
85912
85914
85917
85923
85929
85931
85938
85943
85944
85951
85953
85967
85975
85979
85980
85986
86003
86023
86030
86031
86035
86064
86066
86088
86090
86092
86096
86101
86112
86125
86130
86145
86147
86162
86164
86166
86169
86173
86175
86194
86203
86209
86216
86223
86230
86249
86254
86256
86270
86271
86273
86278
86289
86290
86298
86304
86315
86322
86324
86340
86350
86394
86395
86401
86402
86418
86425
86430
86432
86434
86439
86444
86445
86463
86467
86469
86471
86478
86504
86507
86518
86529
86530
86538
86539
86540
86553
86555
86560
86563
86582
86583
86590
86590
86591
86605
86605
86617
86632
86633
86639
86659
86661
86661
86667
86681
86682
86689
86690
86691
86727
86739
86739
86745
86752
86755
86767
86772
86775
86779
86782
86800
86811
86814
86817
86819
86821
86836
86844
86846
86847
86866
86878
86880
86882
86883
86898
86910
86921
86926
86928
86941
86944
86953
86956
86968
86973
86979
86979
86991
86992
86993
87025
87028
87031
87044
87048
87058
87060
87071
87072
87074
87103
87121
87132
87137
87140
87141
87148
87151
87161
87169
87170
87173
87178
87179
87186
87186
87197
87199
87231
87232
87239
87243
87244
87265
87276
87283
87290
87298
87300
87309
87321
87323
87345
87348
87354
87360
87363
87367
87368
87368
87380
87396
87396
87396
87399
87401
87402
87403
87407
87414
87437
87454
87460
87475
87488
87500
87507
87522
87526
87531
87546
87558
87567
87569
87573
87574
87579
87580
87590
87596
87597
87609
87616
87621
87632
87632
87640
87667
87670
87675
87680
87682
87699
87701
87710
87724
87724
87727
87735
87741
87749
87749
87760
87767
87773
87787
87798
87799
87800
87810
87826
87832
87842
87843
87861
87862
87875
87879
87881
87887
87890
87891
87894
87915
87921
87934
87946
87952
87952
87957
87960
87987
87991
87991
87994
88010
88025
88030
88031
88036
88037
88039
88050
88051
88053
88059
88061
88068
88085
88089
88096
88104
88106
88114
88116
88117
88118
88122
88128
88134
88136
88152
88155
88168
88179
88181
88191
88202
88212
88213
88214
88215
88220
88220
88222
88230
88233
88241
88252
88253
88260
88262
88263
88265
88265
88274
88276
88290
88290
88304
88304
88315
88343
88347
88348
88353
88354
88356
88368
88377
88394
88395
88398
88402
88402
88425
88438
88443
88446
88456
88458
88473
88473
88478
88501
88503
88503
88514
88518
88522
88523
88528
88529
88542
88547
88552
88556
88571
88580
88580
88585
88587
88591
88591
88619
88625
88631
88635
88639
88642
88651
88665
88669
88675
88678
88688
88701
88705
88705
88712
88713
88719
88727
88728
88734
88736
88742
88755
88756
88762
88770
88792
88814
88823
88826
88845
88859
88863
88865
88876
88886
88886
88892
88899
88917
88917
88917
88928
88956
88956
88961
88964
88997
89002
89011
89027
89029
89033
89041
89046
89053
89062
89075
89076
89080
89085
89096
89104
89104
89110
89118
89124
89129
89136
89136
89148
89151
89151
89156
89159
89175
89184
89197
89203
89206
89222
89222
89222
89225
89228
89232
89233
89247
89254
89272
89280
89290
89308
89318
89335
89336
89339
89341
89344
89345
89346
89347
89348
89350
89353
89368
89377
89391
89393
89397
89401
89407
89411
89419
89423
89428
89437
89440
89441
89445
89457
89461
89461
89466
89479
89488
89510
89529
89534
89546
89547
89556
89563
89568
89571
89572
89579
89599
89604
89617
89617
89624
89626
89628
89630
89631
89635
89636
89640
89642
89646
89668
89671
89672
89683
89686
89699
89699
89709
89713
89738
89742
89751
89759
89761
89763
89764
89765
89768
89774
89776
89778
89795
89809
89811
89834
89845
89846
89848
89863
89873
89877
89888
89888
89893
89900
89901
89904
89905
89906
89918
89920
89925
89929
89939
89940
89941
89945
89951
89954
89961
89962
89963
89965
89971
89972
89978
89979
89998
90007
90008
90012
90018
90037
90048
90048
90051
90056
90057
90063
90067
90070
90084
90085
90094
90097
90100
90107
90107
90122
90136
90146
90155
90159
90160
90162
90170
90178
90180
90189
90190
90191
90195
90198
90200
90209
90212
90213
90217
90218
90220
90224
90235
90236
90239
90240
90248
90254
90264
90270
90275
90287
90291
90294
90298
90301
90303
90306
90319
90328
90330
90333
90345
90354
90393
90402
90404
90422
90429
90433
90435
90437
90439
90448
90451
90453
90474
90475
90490
90494
90497
90497
90499
90500
90518
90537
90540
90559
90563
90600
90605
90616
90626
90637
90656
90660
90690
90697
90698
90701
90718
90722
90727
90727
90730
90743
90744
90746
90746
90749
90751
90751
90763
90776
90780
90785
90786
90787
90789
90790
90802
90804
90809
90814
90817
90820
90825
90839
90854
90855
90859
90862
90865
90876
90877
90880
90880
90882
90884
90890
90911
90916
90925
90929
90930
90935
90938
90942
90948
90954
90962
90962
90962
90965
90966
90992
90995
91005
91013
91028
91032
91038
91050
91053
91062
91062
91071
91080
91083
91090
91097
91106
91106
91111
91117
91123
91134
91145
91151
91163
91179
91188
91195
91198
91198
91203
91209
91226
91228
91228
91232
91255
91257
91266
91272
91274
91278
91283
91285
91286
91296
91303
91310
91316
91334
91335
91338
91342
91342
91347
91353
91356
91361
91374
91374
91378
91382
91391
91398
91407
91408
91422
91424
91429
91434
91445
91491
91510
91511
91513
91522
91536
91537
91541
91552
91553
91556
91564
91573
91595
91605
91606
91612
91618
91624
91631
91643
91648
91649
91656
91658
91666
91676
91694
91696
91712
91712
91714
91715
91725
91726
91730
91738
91741
91758
91765
91772
91791
91792
91802
91805
91811
91823
91827
91854
91871
91873
91881
91881
91886
91889
91899
91908
91909
91915
91917
91926
91933
91935
91941
91956
91959
91964
91976
91977
91983
91988
91991
91992
91998
91999
92004
92009
92026
92028
92040
92041
92049
92076
92093
92102
92111
92113
92116
92124
92138
92150
92161
92168
92172
92174
92180
92195
92196
92206
92206
92209
92222
92226
92233
92236
92241
92260
92261
92271
92275
92288
92294
92305
92308
92318
92332
92347
92370
92374
92384
92384
92387
92403
92403
92406
92415
92418
92422
92424
92429
92429
92450
92457
92459
92466
92472
92476
92479
92494
92494
92496
92505
92506
92508
92516
92549
92562
92564
92567
92579
92581
92585
92587
92591
92604
92611
92616
92626
92633
92633
92651
92656
92663
92663
92685
92689
92692
92693
92695
92722
92737
92783
92793
92803
92803
92817
92844
92848
92860
92868
92869
92879
92884
92889
92910
92913
92915
92932
92932
92933
92942
92946
92957
92964
92966
92982
92993
93001
93003
93005
93019
93022
93036
93037
93041
93042
93065
93075
93076
93099
93103
93113
93118
93118
93119
93130
93136
93138
93148
93149
93170
93171
93174
93175
93175
93177
93181
93192
93192
93196
93210
93212
93227
93228
93228
93231
93263
93266
93282
93289
93292
93296
93305
93309
93322
93341
93341
93342
93349
93353
93375
93386
93392
93398
93400
93402
93409
93411
93413
93423
93440
93440
93445
93450
93452
93455
93460
93461
93462
93463
93466
93469
93470
93476
93480
93481
93497
93501
93504
93505
93512
93512
93515
93517
93543
93546
93549
93553
93560
93561
93593
93610
93620
93623
93625
93627
93637
93641
93643
93648
93649
93651
93657
93663
93676
93688
93704
93721
93725
93728
93732
93733
93739
93742
93743
93757
93763
93766
93767
93770
93775
93777
93788
93790
93795
93795
93807
93808
93813
93816
93817
93819
93829
93830
93841
93847
93894
93896
93902
93914
93914
93916
93917
93926
93931
93932
93934
93954
93975
93985
93985
93994
93996
94003
94010
94012
94014
94039
94046
94063
94070
94083
94095
94098
94101
94108
94124
94128
94134
94140
94149
94152
94160
94161
94164
94165
94176
94181
94188
94190
94192
94207
94212
94219
94223
94230
94241
94251
94259
94259
94262
94263
94264
94269
94277
94281
94283
94295
94308
94313
94315
94317
94318
94362
94366
94382
94384
94387
94391
94396
94419
94427
94432
94439
94440
94440
94447
94448
94453
94466
94483
94488
94491
94509
94510
94511
94517
94527
94529
94537
94542
94546
94547
94554
94565
94585
94587
94597
94601
94603
94604
94619
94624
94628
94632
94640
94645
94649
94651
94652
94655
94661
94665
94665
94680
94691
94695
94700
94728
94730
94730
94734
94737
94743
94747
94774
94778
94788
94799
94812
94825
94826
94837
94840
94841
94841
94845
94845
94866
94879
94884
94889
94898
94901
94922
94941
94942
94946
94949
94953
94968
94987
94992
94993
94998
95051
95054
95058
95062
95069
95070
95074
95076
95086
95086
95092
95092
95115
95117
95128
95134
95148
95149
95154
95159
95166
95168
95169
95185
95186
95194
95197
95198
95207
95209
95210
95211
95218
95230
95241
95242
95245
95250
95251
95254
95259
95267
95271
95279
95280
95290
95295
95315
95316
95317
95341
95343
95359
95367
95371
95404
95414
95415
95423
95438
95443
95447
95464
95472
95473
95473
95482
95497
95502
95507
95531
95536
95545
95547
95548
95550
95564
95579
95590
95596
95604
95610
95627
95634
95643
95649
95672
95675
95675
95677
95678
95688
95689
95691
95695
95698
95702
95704
95740
95750
95750
95758
95758
95758
95774
95775
95785
95785
95804
95809
95826
95828
95831
95842
95865
95866
95871
95875
95886
95893
95895
95897
95900
95902
95909
95915
95917
95919
95924
95927
95929
95932
95938
95939
95940
95942
95949
95950
95955
95955
95957
95962
95966
95969
95980
95992
96007
96017
96035
96046
96052
96053
96064
96078
96079
96084
96089
96093
96098
96101
96113
96120
96122
96128
96138
96145
96164
96166
96166
96180
96181
96199
96205
96214
96215
96221
96270
96271
96277
96277
96280
96282
96287
96289
96291
96296
96301
96304
96304
96307
96321
96324
96342
96357
96398
96403
96407
96417
96420
96423
96425
96435
96453
96458
96470
96476
96479
96482
96495
96495
96498
96502
96502
96504
96505
96509
96515
96520
96521
96525
96534
96544
96556
96556
96569
96603
96605
96615
96637
96638
96644
96649
96651
96658
96664
96685
96692
96693
96695
96696
96701
96717
96722
96722
96724
96735
96742
96749
96753
96769
96803
96803
96805
96807
96811
96815
96826
96827
96828
96861
96868
96872
96905
96912
96914
96925
96928
96934
96952
96981
96982
96993
97033
97062
97066
97082
97085
97095
97100
97101
97106
97112
97113
97129
97149
97154
97156
97164
97171
97184
97186
97188
97190
97198
97201
97206
97208
97218
97220
97227
97235
97237
97242
97242
97246
97257
97258
97271
97280
97283
97301
97305
97334
97346
97347
97358
97359
97360
97364
97371
97377
97377
97386
97388
97389
97394
97401
97402
97402
97439
97443
97446
97449
97450
97451
97466
97478
97478
97485
97493
97506
97507
97513
97521
97524
97530
97532
97561
97572
97582
97591
97600
97613
97617
97627
97628
97631
97632
97639
97640
97640
97648
97655
97667
97681
97682
97683
97685
97692
97702
97717
97721
97729
97742
97747
97761
97762
97766
97769
97771
97795
97819
97825
97829
97831
97841
97842
97848
97850
97866
97869
97894
97902
97906
97911
97917
97920
97924
97936
97946
97955
97956
97986
97988
97996
97998
98008
98010
98014
98017
98032
98034
98042
98043
98044
98055
98059
98059
98063
98069
98079
98083
98117
98133
98143
98148
98183
98187
98206
98218
98233
98249
98251
98257
98258
98282
98296
98300
98317
98318
98322
98324
98331
98344
98359
98365
98369
98369
98379
98388
98412
98414
98422
98429
98439
98447
98455
98466
98466
98479
98482
98483
98484
98496
98502
98504
98504
98529
98534
98538
98541
98541
98543
98546
98549
98550
98564
98578
98585
98600
98609
98622
98632
98652
98658
98665
98680
98686
98686
98691
98693
98703
98709
98722
98725
98740
98743
98744
98749
98757
98760
98764
98766
98774
98798
98799
98803
98806
98810
98814
98835
98838
98845
98847
98850
98852
98855
98873
98880
98891
98892
98901
98942
98942
98953
98965
98968
98982
98984
98990
98992
98993
98994
99007
99020
99022
99043
99048
99053
99093
99106
99110
99112
99113
99117
99121
99122
99130
99133
99133
99133
99134
99136
99149
99152
99160
99171
99183
99185
99189
99191
99195
99198
99202
99210
99211
99219
99237
99246
99247
99271
99285
99297
99303
99304
99306
99315
99324
99330
99330
99334
99338
99343
99347
99348
99353
99361
99368
99377
99384
99387
99394
99398
99417
99432
99433
99440
99453
99457
99474
99475
99475
99484
99509
99512
99524
99551
99555
99556
99560
99586
99587
99593
99618
99639
99640
99642
99649
99651
99660
99664
99666
99669
99674
99677
99680
99685
99692
99692
99693
99697
99700
99700
99713
99723
99725
99754
99763
99766
99768
99770
99790
99790
99803
99806
99810
99834
99836
99849
99865
99880
99890
99891
99895
99908
99913
99914
99917
99926
99941
99958
99960
99975
99975
99984
99991
99993
99994
99996
