1242
1240
1237
1236
1233
1232
1230
1228
1226
1225
1222
1221
1220
1219
1218
1217
1215
1212
1206
1205
1203
1202
1196
1194
1192
1191
1190
1189
1188
1185
1183
1182
1178
1176
1175
1174
1173
1172
1171
1170
1169
1167
1166
1165
1164
1163
1162
1160
1157
1154
1153
1152
1149
1145
1144
1143
1142
1140
1138
1137
1135
1235
1133
1132
1131
1129
1128
1123
1122
1121
1120
1118
1116
1115
1114
1112
1110
1108
1107
1106
1104
1139
1127
1103
1102
1101
1100
1099
1096
1095
1094
1093
1091
1088
1086
1085
1084
1083
1081
1079
1087
1078
1075
1074
1073
1071
1070
1067
1066
1065
1063
1062
1060
1059
1055
1054
1053
1051
1050
1049
1043
1042
1041
1040
1038
1036
1035
1034
1033
1031
1029
1023
1022
1021
1020
1018
1017
1016
1014
1013
1011
1010
1009
1008
1006
1005
1004
1003
998
997
996
995
994
993
992
988
987
984
983
980
979
976
971
970
969
967
966
965
962
1080
961
960
957
1187
956
955
954
1044
953
951
950
949
947
944
942
941
939
938
937
936
934
1124
933
1134
932
930
929
928
926
923
922
920
919
918
914
912
909
907
906
904
903
902
1195
901
898
897
896
895
894
893
890
889
888
884
878
952
877
876
874
1000
873
872
866
865
863
862
861
924
859
858
857
856
855
854
852
851
850
848
847
843
842
841
840
838
837
835
834
832
831
829
828
827
826
825
823
822
821
820
819
815
814
811
809
808
806
805
1197
804
1037
1210
803
800
799
798
797
801
795
794
793
846
790
789
788
787
786
784
780
777
776
775
774
772
771
770
769
768
767
763
761
760
758
756
839
755
754
752
751
750
749
748
747
746
744
743
741
740
738
737
736
735
734
733
732
730
729
728
883
727
726
724
721
720
717
716
715
714
713
712
711
709
708
707
705
704
703
699
698
695
694
693
731
692
691
690
689
688
685
684
871
683
682
680
678
973
677
676
675
673
671
670
668
665
664
663
662
660
658
656
881
1098
654
653
652
972
649
648
817
647
765
645
644
641
640
638
636
635
634
633
1213
631
630
627
757
626
625
624
623
622
621
620
619
669
702
618
615
610
609
1231
1007
608
607
606
605
722
604
603
602
601
600
598
597
596
595
593
591
590
589
588
587
586
584
583
891
642
582
580
887
577
576
575
574
573
571
745
570
569
946
567
566
565
564
563
562
560
558
554
553
552
551
550
1046
548
547
546
544
542
931
541
535
534
981
533
532
530
1092
528
527
672
526
524
522
521
520
985
518
581
517
516
514
1109
513
1198
531
512
510
509
508
506
1150
687
986
505
1001
503
502
500
498
496
1028
494
493
491
490
487
486
485
484
666
483
482
479
478
477
476
475
474
473
963
472
471
470
468
466
465
464
499
646
463
916
978
594
462
461
460
1214
457
456
453
452
1209
450
448
446
445
444
443
442
440
439
585
438
437
435
434
579
1161
773
880
433
430
428
425
424
423
422
421
420
418
416
1141
415
785
414
412
410
1229
1193
409
408
407
406
402
1234
925
975
1113
1199
572
1025
401
400
398
397
396
395
394
833
911
390
389
388
387
385
383
382
381
380
379
378
377
376
375
374
371
370
369
368
367
366
364
362
361
360
359
357
356
355
812
497
492
860
354
892
945
431
353
352
351
350
349
346
681
1241
345
343
341
599
340
339
336
335
333
332
697
791
331
393
327
326
325
324
322
321
318
317
316
315
1130
844
875
314
900
313
311
310
309
781
308
1090
559
306
451
305
304
303
302
301
300
299
298
297
296
295
293
292
943
568
519
291
290
289
417
288
287
1057
885
1201
1030
286
285
284
283
281
964
280
870
480
279
959
278
319
1204
277
276
274
272
271
270
269
268
267
719
557
265
264
263
262
578
261
259
275
258
1177
257
256
536
255
254
249
764
1061
481
455
782
294
868
248
245
244
312
243
242
241
240
239
238
320
237
235
234
233
232
231
329
706
230
813
449
337
229
228
227
226
225
224
222
739
974
219
217
905
1082
968
459
216
338
215
214
213
792
561
212
211
210
209
282
208
759
207
762
273
403
206
205
818
204
523
958
203
201
200
659
220
469
199
198
1072
197
910
830
779
196
193
1186
191
189
190
917
188
1224
187
186
185
816
725
1105
184
657
183
182
180
179
178
1216
177
1064
655
921
176
202
175
592
174
173
171
170
169
990
168
167
165
164
1048
163
391
307
908
419
162
161
160
159
158
157
154
153
152
247
824
172
853
166
266
151
150
149
556
148
147
146
144
1045
142
330
796
141
1146
1208
458
1126
661
1181
140
139
718
650
836
137
135
134
133
643
132
1056
131
130
392
1151
1238
701
1136
674
155
129
128
127
126
260
125
124
543
696
783
123
122
121
120
117
116
613
115
977
114
181
504
1158
849
113
246
1155
192
1047
111
110
344
109
628
1026
1027
467
411
639
549
679
108
236
251
323
106
511
105
429
104
1058
103
1156
753
195
102
101
342
637
100
98
710
1032
538
616
441
372
537
1111
218
617
948
989
97
95
845
927
1077
94
879
1068
1052
614
93
92
91
1147
347
915
363
488
88
87
405
86
1125
85
84
83
82
80
79
399
328
78
77
76
935
651
75
358
136
1223
373
766
74
73
72
778
138
71
70
886
501
223
495
69
1184
68
1200
67
447
540
1179
99
1159
454
999
555
66
65
489
156
612
64
63
62
61
60
545
59
58
539
57
56
55
54
53
52
51
50
1039
49
81
48
47
46
742
1089
1069
913
45
1002
44
991
43
436
42
250
41
700
1207
40
39
807
1117
38
37
1119
36
1024
35
686
1148
34
33
629
32
525
802
611
334
869
253
90
810
31
30
29
107
427
28
221
899
27
26
25
24
1239
23
22
515
21
1180
348
1097
20
19
18
426
507
404
940
413
17
16
15
14
882
867
1168
13
12
1076
11
10
9
8
7
1227
667
194
145
432
1015
982
384
112
143
632
6
118
5
252
4
1012
529
386
3
2
1
1019
864
365
96
119
0
1211
89
723
