3
11
13
15
18
20
22
23
28
34
36
40
41
44
48
51
53
61
66
73
80
81
82
86
89
97
98
107
109
114
117
126
128
130
135
139
148
154
157
159
166
167
168
174
176
183
186
190
191
197
198
202
204
212
213
214
215
221
223
226
234
239
243
245
246
247
248
251
252
255
256
258
262
265
266
269
270
273
274
275
279
280
283
287
288
298
305
309
322
324
325
330
332
337
338
341
343
348
349
352
353
356
359
360
364
365
367
368
369
372
376
379
385
389
401
402
403
412
415
419
424
425
428
433
434
435
441
446
448
452
453
458
465
469
474
478
479
480
483
486
487
488
493
495
498
499
505
509
516
521
522
523
528
532
534
536
540
542
543
544
560
564
565
569
572
575
579
581
582
586
589
590
592
596
598
602
603
605
607
611
612
613
614
615
623
626
628
633
637
639
650
653
655
657
664
665
667
668
678
690
692
694
697
699
703
712
720
724
726
727
729
735
737
741
742
743
745
746
747
749
751
752
753
754
755
762
764
766
767
782
786
791
793
804
812
817
829
831
835
842
843
845
847
848
859
867
871
872
874
875
879
883
884
888
889
891
895
898
899
905
907
913
915
916
919
922
925
935
942
953
954
955
956
959
963
966
968
976
981
982
986
993
996
1001
1009
1012
1026
1028
1030
1036
1042
1048
1049
1052
1054
1055
1063
1064
1071
1074
1077
1080
1084
1092
1099
1102
1112
1118
1122
1123
1124
1127
1129
1132
1137
1139
1141
1145
1148
1156
1157
1160
1170
1172
1173
1181
1183
1187
1192
1195
1197
1208
1211
1212
1228
1231
1234
1235
1238
1239
1241
1255
1258
1259
1264
1267
1271
1274
1282
1284
1290
1296
1297
1302
1306
1307
1313
1316
1319
1320
1321
1323
1324
1325
1326
1333
1334
1335
1337
1343
1348
1350
1353
1356
1358
1361
1362
1367
1368
1369
1374
1375
1379
1380
1382
1395
1396
1403
1415
1417
1418
1420
1421
1424
1430
1435
1442
1443
1448
1449
1452
1454
1457
1467
1473
1475
1478
1489
1498
1500
1506
1508
1509
1515
1516
1520
1524
1525
1527
1528
1530
1531
1534
1535
1539
1540
1541
1542
1547
1548
1549
1552
1553
1554
1558
1564
1565
1567
1573
1576
1581
1585
1587
1590
1591
1594
1599
1601
1154
152
187
929
939
49
339
9
1023
931
1215
65
798
144
1441
444
1014
1523
1291
512
1393
355
490
1588
675
897
335
331
1595
1143
314
807
1385
808
438
1130
1563
431
943
194
1204
1021
722
323
1344
1000
825
1456
636
12
83
548
640
731
971
654
1405
774
1557
717
663
1451
500
241
1223
1167
294
1428
758
997
1526
484
983
689
561
1544
31
771
1346
289
1439
1133
200
970
1425
1505
411
870
1182
137
840
1265
780
920
1221
1066
100
511
1394
1370
25
70
1011
1412
272
674
132
195
224
1550
794
837
1543
973
1383
1570
370
938
1329
1015
624
556
661
1280
39
177
1493
710
853
659
211
828
700
301
1338
775
1165
1272
1017
510
236
1521
264
423
643
124
1281
1345
524
391
1578
827
778
304
989
520
1242
1342
718
1546
1410
158
641
740
1103
91
881
1240
417
120
652
1116
635
188
1504
281
1095
222
619
1220
1273
1270
21
461
1461
293
890
92
1174
987
985
1386
398
1
1256
857
1429
1533
1510
450
1496
1336
682
688
984
784
35
1438
777
1583
119
185
1035
347
814
1414
173
967
1276
725
1339
142
388
96
573
1010
550
1214
1210
1589
1392
1575
537
1120
429
979
855
1151
599
621
27
57
1432
1445
1389
147
583
961
1025
571
818
1111
1115
436
854
1018
106
893
78
910
1078
1317
1408
101
1237
733
1388
1419
1073
16
1447
902
844
832
462
563
965
1600
1300
1086
683
597
567
407
1486
1096
232
1491
104
1166
1433
617
658
1247
320
1176
1431
143
145
763
285
546
63
631
180
908
1479
638
803
300
295
1081
1538
514
263
1159
196
651
1134
299
894
1037
328
906
1463
1062
1125
489
374
1200
449
164
1135
988
1201
517
93
1091
1571
708
711
439
527
1232
1328
1083
948
838
375
1559
1198
1318
577
1229
681
595
108
1481
408
233
317
591
5
373
580
1016
951
1069
1371
1251
962
833
634
133
1391
773
1087
941
184
1164
1492
788
150
501
457
530
261
302
952
346
1033
568
687
936
406
606
326
85
459
1061
1464
503
1446
1315
178
1230
1006
917
552
354
649
442
930
1060
878
1106
1068
728
382
1261
1602
1088
721
46
357
58
1566
926
182
32
55
506
237
1186
244
1051
1218
118
334
1422
475
671
491
297
1217
131
620
315
701
714
1482
555
723
1184
957
1089
1470
861
1483
876
404
380
1233
1179
250
56
1114
1487
937
1065
914
830
515
940
1480
1529
696
199
679
138
1031
390
149
821
1357
1266
1560
1363
162
437
303
1254
1209
576
268
430
485
1596
1341
819
1476
1162
64
1075
923
443
1144
1347
1050
122
1574
75
193
90
1250
673
242
42
909
1043
1117
519
538
1287
969
1409
1008
1024
371
670
601
99
1477
707
1355
1041
1561
1411
172
627
1462
413
770
1279
1168
76
1072
1213
291
392
964
1465
1100
1397
856
253
466
811
1373
719
851
785
885
644
1044
587
112
1440
201
834
160
254
14
1331
800
336
1126
1189
422
74
645
1288
1236
134
531
129
1352
545
836
1579
47
944
1252
1298
1545
585
1295
410
535
345
1354
1598
1180
1260
945
666
125
1404
882
472
1555
94
757
796
69
1053
1584
235
307
384
111
1140
732
1202
6
1592
62
1330
1039
616
849
1027
399
594
1474
316
706
409
54
1285
1413
739
1512
642
863
344
421
928
1219
169
1057
549
1582
975
698
1094
502
1128
999
1568
1580
810
604
1203
513
350
175
153
1364
1400
1138
52
578
50
105
924
1085
1406
10
1416
292
1150
1309
363
400
271
839
912
19
1507
1110
980
1434
454
276
467
609
1152
123
1551
880
1222
397
1502
282
29
677
1178
1045
1070
765
77
1514
1155
1569
584
95
0
1593
1497
1005
1536
140
1458
600
1299
60
887
779
850
387
588
1253
1013
1149
972
432
1453
179
1038
1146
1322
684
693
1387
1484
1196
1468
761
744
676
206
362
240
869
1121
278
59
702
1294
209
1556
1444
695
797
1286
1513
1104
865
1472
1163
67
284
464
1224
934
68
1188
1308
622
526
37
709
1455
1349
181
946
826
333
141
1305
1332
2
1275
1175
860
1399
685
351
477
420
995
625
110
802
1205
496
559
155
405
750
768
366
306
608
1191
1537
789
866
1004
949
358
547
72
1292
7
208
342
1003
1312
203
1107
820
1032
715
1340
1407
877
990
901
290
220
960
896
1378
1351
864
716
669
1076
395
1216
1206
823
760
1098
1518
267
790
228
806
553
377
862
1365
1376
1517
227
1226
205
1058
463
1263
1402
1283
927
950
1303
610
1119
87
541
136
815
115
873
822
918
84
557
852
805
713
1105
1262
4
662
456
1190
1194
730
991
748
329
824
218
795
207
921
1372
1460
151
1097
562
340
260
445
554
618
525
165
660
189
318
630
1147
1511
1436
680
1426
427
1360
1278
792
911
781
473
1532
311
1169
1109
116
210
418
1501
1158
327
734
1466
249
43
1108
566
103
1293
892
17
558
1301
1597
192
238
900
787
1245
219
1522
451
216
1471
1020
310
383
1022
481
1459
1390
858
772
933
1310
813
1427
1488
518
440
705
286
904
230
1398
646
1040
257
686
386
447
1423
1304
476
648
1586
1082
1384
296
672
992
1047
1377
539
932
1153
393
570
783
632
1401
704
1450
691
225
756
1113
1059
947
312
1090
171
1503
163
504
217
1268
1249
738
492
45
1246
361
394
846
26
426
1244
799
1171
381
1056
508
816
1225
1257
113
1366
79
1519
1490
71
978
1007
494
629
1437
1177
259
656
801
1562
1079
974
470
1572
647
33
886
497
321
868
1381
1142
1193
396
121
1002
1207
1314
1199
1131
455
1289
1359
1093
1046
736
482
841
1327
24
1227
998
319
776
574
1485
414
1248
277
468
1243
313
529
1277
507
146
38
551
471
1029
156
102
231
416
593
1495
1067
161
759
1136
460
958
994
88
30
1494
977
1034
1185
1161
170
1499
378
1577
229
903
769
1469
1311
127
8
1019
1101
1269
308
809
533
