31 inserted
31
31
14 not found
51 inserted
51 31
31 51
97 inserted
31
81 inserted
58 does not exist
78 inserted
56 inserted
30 inserted
30 56 78 81 97 51 31
61 not found
97
9 inserted
18 inserted
67 does not exist
9 18 30 31 51 56 78 81 97
9
9
9 18 30 31 51 56 78 81 97
5 inserted
97
5 9 18 30 31 51 56 78 81 97
20 inserted
2 not found
97
5 9 18 20 30 31 51 56 78 81 97
87 inserted
5
5 9 18 20 30 31 51 56 78 81 87 97
94 not found
28 inserted
8 inserted
31 30 9 5 8 18 20 28 51 97 81 78 56 87
5
97
23 inserted
8 5 23 28 20 18 9 30 56 78 87 81 97 51 31
8 5 23 28 20 18 9 30 56 78 87 81 97 51 31
5 8 9 18 20 23 28 30 31 51 56 78 81 87 97
86 inserted
97
27 inserted
5 8 9 18 20 23 27 28 30 31 51 56 78 81 86 87 97
11 does not exist
5
84 inserted
5
3 inserted
97
47 not found
3 5 8 9 18 20 23 27 28 30 31 51 56 78 81 84 86 87 97
74 inserted
3
76 inserted
3 5 8 9 18 20 23 27 28 30 31 51 56 74 76 78 81 84 86 87 97
61 inserted
6 inserted
97
97
31 30 9 5 3 8 6 18 20 28 23 27 51 97 81 78 56 74 61 76 87 86 84
86
0 inserted
18
79 inserted
7 inserted
75 does not exist
80 inserted
58 does not exist
53 inserted
96 does not exist
62 inserted
95 inserted
0 3 5 6 7 8 9 18 20 23 27 28 30 31 51 53 56 61 62 74 76 78 79 80 81 84 86 87 95 97
22 does not exist
31 30 9 5 3 0 8 6 7 18 20 28 23 27 51 97 81 78 56 53 74 61 62 76 79 80 87 86 84 95
66 inserted
32 does not exist
0 3 5 6 7 8 9 18 20 23 27 28 30 31 51 53 56 61 62 66 74 76 78 79 80 81 84 86 87 95 97
98 not found
21 inserted
58 inserted
0 3 7 6 8 5 21 27 23 28 20 18 9 30 53 58 66 62 61 76 74 56 80 79 78 84 86 95 87 81 97 51 31
31 30 9 5 3 0 8 6 7 18 20 28 23 21 27 51 97 81 78 56 53 74 61 58 62 66 76 79 80 87 86 84 95
75 inserted
14 not found
57 not found
31 30 9 5 3 0 8 6 7 18 20 28 23 21 27 51 97 81 78 56 53 74 61 58 62 66 76 75 79 80 87 86 84 95
52 inserted
7
0 3 5 6 7 8 9 18 20 21 23 27 28 30 31 51 52 53 56 58 61 62 66 74 75 76 78 79 80 81 84 86 87 95 97
31 30 9 5 3 0 8 6 7 18 20 28 23 21 27 51 97 81 78 56 53 52 74 61 58 62 66 76 75 79 80 87 86 84 95
0 3 7 6 8 5 21 27 23 28 20 18 9 30 52 53 58 66 62 61 75 76 74 56 80 79 78 84 86 95 87 81 97 51 31
13 does not exist
0 3 5 6 7 8 9 18 20 21 23 27 28 30 31 51 52 53 56 58 61 62 66 74 75 76 78 79 80 81 84 86 87 95 97
10 inserted
69 inserted
17 inserted
97
2 inserted
77 does not exist
33 inserted
64 not found
51 found
34 inserted
98 inserted
0
28
0 2 3 5 6 7 8 9 10 17 18 20 21 23 27 28 30 31 33 34 51 52 53 56 58 61 62 66 69 74 75 76 78 79 80 81 84 86 87 95 97 98
16 inserted
2 0 3 7 6 8 5 16 17 10 21 27 23 28 20 18 9 30 34 33 52 53 58 69 66 62 61 75 76 74 56 80 79 78 84 86 95 87 81 98 97 51 31
0
74
65 does not exist
