67 does not exist

71 inserted
57 inserted
72 inserted
71 57 72
21 inserted
71 57 21 72
26 not found
71 57 21 72
85 inserted
15 inserted
6 inserted
71 57 21 15 6 72 85
44 inserted
96 inserted
54 inserted
36 inserted
53 inserted
4 not found
48 inserted
86 inserted
82 does not exist
83 inserted
31 inserted
1 does not exist
6
3 inserted
71 57 21 15 6 3 44 36 31 54 53 48 72 85 83 96 86
3 6 15 21 31 36 44 48 53 54 57 71 72 83 85 86 96
5 does not exist
0 inserted
66 inserted
30 inserted
68 does not exist
71 57 21 15 6 3 0 44 36 31 30 54 53 48 66 72 85 83 96 86
0 3 6 15 30 31 36 48 53 54 44 21 66 57 83 86 96 85 72 71
0 3 6 15 30 31 36 48 53 54 44 21 66 57 83 86 96 85 72 71
0 3 6 15 21 30 31 36 44 48 53 54 57 66 71 72 83 85 86 96
77 inserted
44
87 inserted
47 inserted
0 3 6 15 30 31 36 47 48 53 54 44 21 66 57 77 83 87 86 96 85 72 71
46 inserted
76 inserted
71 57 21 15 6 3 0 44 36 31 30 54 53 48 47 46 66 72 85 83 77 76 96 86 87
71 57 21 15 6 3 0 44 36 31 30 54 53 48 47 46 66 72 85 83 77 76 96 86 87
71 57 21 15 6 3 0 44 36 31 30 54 53 48 47 46 66 72 85 83 77 76 96 86 87
84 does not exist
85
1 inserted
25 inserted
51 inserted
0
9 inserted
94 inserted
50 inserted
62 inserted
37 inserted
0
96
0 1 3 6 9 15 21 25 30 31 36 37 44 46 47 48 50 51 53 54 57 62 66 71 72 76 77 83 85 86 87 94 96
17 inserted
71 57 21 15 6 3 0 1 9 17 44 36 31 30 25 37 54 53 48 47 46 51 50 66 62 72 85 83 77 76 96 86 87 94
27 inserted
92 inserted
96 found
52 inserted
1 0 3 9 6 17 15 27 25 30 31 37 36 46 47 50 52 51 48 53 54 44 21 62 66 57 76 77 83 92 94 87 86 96 85 72 71
1 0 3 9 6 17 15 27 25 30 31 37 36 46 47 50 52 51 48 53 54 44 21 62 66 57 76 77 83 92 94 87 86 96 85 72 71
0 1 3 6 9 15 17 21 25 27 30 31 36 37 44 46 47 48 50 51 52 53 54 57 62 66 71 72 76 77 83 85 86 87 92 94 96
0
45 does not exist
80 does not exist
71 57 21 15 6 3 0 1 9 17 44 36 31 30 25 27 37 54 53 48 47 46 51 50 52 66 62 72 85 83 77 76 96 86 87 94 92
38 inserted
19 does not exist
0
7 inserted
41 inserted
96
0
96
96
60 inserted
43 does not exist
36
0 1 3 6 7 9 15 17 21 25 27 30 31 36 37 38 41 44 46 47 48 50 51 52 53 54 57 60 62 66 71 72 76 77 83 85 86 87 92 94 96
1 0 3 7 9 6 17 15 27 25 30 31 41 38 37 36 46 47 50 52 51 48 53 54 44 21 60 62 66 57 76 77 83 92 94 87 86 96 85 72 71
95 not found
0 1 3 6 7 9 15 17 21 25 27 30 31 36 37 38 41 44 46 47 48 50 51 52 53 54 57 60 62 66 71 72 76 77 83 85 86 87 92 94 96
35 inserted
64 inserted
16 does not exist
0 1 3 6 7 9 15 17 21 25 27 30 31 35 36 37 38 41 44 46 47 48 50 51 52 53 54 57 60 62 64 66 71 72 76 77 83 85 86 87 92 94 96
13 inserted
71 57 21 15 6 3 0 1 9 7 13 17 44 36 31 30 25 27 35 37 38 41 54 53 48 47 46 51 50 52 66 62 60 64 72 85 83 77 76 96 86 87 94 92
12 inserted
76
0 1 3 6 7 9 12 13 15 17 21 25 27 30 31 35 36 37 38 41 44 46 47 48 50 51 52 53 54 57 60 62 64 66 71 72 76 77 83 85 86 87 92 94 96
96
33 inserted
73 does not exist
83
71 57 21 15 6 3 0 1 9 7 13 12 17 44 36 31 30 25 27 35 33 37 38 41 54 53 48 47 46 51 50 52 66 62 60 64 72 85 83 77 76 96 86 87 94 92
0
64
49 inserted
59 inserted
0 1 3 6 7 9 12 13 15 17 21 25 27 30 31 33 35 36 37 38 41 44 46 47 48 49 50 51 52 53 54 57 59 60 62 64 66 71 72 76 77 83 85 86 87 92 94 96
85
0
82 does not exist
96
22 inserted
1 0 3 7 12 13 9 6 17 15 22 27 25 30 33 35 31 41 38 37 36 46 47 49 50 52 51 48 53 54 44 21 59 60 64 62 66 57 76 77 83 92 94 87 86 96 85 72 71
37
0
96
1 0 3 7 12 13 9 6 17 15 22 27 25 30 33 35 31 41 38 37 36 46 47 49 50 52 51 48 53 54 44 21 59 60 64 62 66 57 76 77 83 92 94 87 86 96 85 72 71
29 inserted
32 inserted
71 57 21 15 6 3 0 1 9 7 13 12 17 44 36 31 30 25 22 27 29 35 33 32 37 38 41 54 53 48 47 46 51 50 49 52 66 62 60 59 64 72 85 83 77 76 96 86 87 94 92
44
90 inserted
0 1 3 6 7 9 12 13 15 17 21 22 25 27 29 30 31 32 33 35 36 37 38 41 44 46 47 48 49 50 51 52 53 54 57 59 60 62 64 66 71 72 76 77 83 85 86 87 90 92 94 96
92
96
69 inserted
1 0 3 7 12 13 9 6 17 15 22 29 27 25 30 32 33 35 31 41 38 37 36 46 47 49 50 52 51 48 53 54 44 21 59 60 64 62 69 66 57 76 77 83 90 92 94 87 86 96 85 72 71
0 1 3 6 7 9 12 13 15 17 21 22 25 27 29 30 31 32 33 35 36 37 38 41 44 46 47 48 49 50 51 52 53 54 57 59 60 62 64 66 69 71 72 76 77 83 85 86 87 90 92 94 96
91 inserted
0
64
12
9
71 57 21 15 6 3 0 1 9 7 13 12 17 44 36 31 30 25 22 27 29 35 33 32 37 38 41 54 53 48 47 46 51 50 49 52 66 62 60 59 64 69 72 85 83 77 76 96 86 87 94 92 90 91
23 inserted
71 57 21 15 6 3 0 1 9 7 13 12 17 44 36 31 30 25 22 23 27 29 35 33 32 37 38 41 54 53 48 47 46 51 50 49 52 66 62 60 59 64 69 72 85 83 77 76 96 86 87 94 92 90 91
71 57 21 15 6 3 0 1 9 7 13 12 17 44 36 31 30 25 22 23 27 29 35 33 32 37 38 41 54 53 48 47 46 51 50 49 52 66 62 60 59 64 69 72 85 83 77 76 96 86 87 94 92 90 91
1 0 3 7 12 13 9 6 17 15 23 22 29 27 25 30 32 33 35 31 41 38 37 36 46 47 49 50 52 51 48 53 54 44 21 59 60 64 62 69 66 57 76 77 83 91 90 92 94 87 86 96 85 72 71
83 found
71 57 21 15 6 3 0 1 9 7 13 12 17 44 36 31 30 25 22 23 27 29 35 33 32 37 38 41 54 53 48 47 46 51 50 49 52 66 62 60 59 64 69 72 85 83 77 76 96 86 87 94 92 90 91
0 1 3 6 7 9 12 13 15 17 21 22 23 25 27 29 30 31 32 33 35 36 37 38 41 44 46 47 48 49 50 51 52 53 54 57 59 60 62 64 66 69 71 72 76 77 83 85 86 87 90 91 92 94 96
0
37 found
96
20 inserted
61 inserted
67 not found
55 inserted
97 does not exist
58 inserted
71 57 21 15 6 3 0 1 9 7 13 12 17 20 44 36 31 30 25 22 23 27 29 35 33 32 37 38 41 54 53 48 47 46 51 50 49 52 55 66 62 60 59 58 61 64 69 72 85 83 77 76 96 86 87 94 92 90 91
25
19 inserted
11 inserted
