7211
4445
1411
5214
3916
2992
8849
5407
3186
4126
4026
6648
8879
7179
8521
2263
2190
7496
2594
6706
4083
1259
1851
4632
5408
6338
4260
2372
2086
8499
4412
2433
4569
7424
9636
8707
6781
4571
6837
8108
8799
2311
8063
9424
2843
9094
7172
7925
6188
1356
2226
3037
1267
7230
7380
3173
3484
3015
1591
7179
6278
9923
7922
5318
6159
5637
3870
6888
7454
4105
2870
4724
2746
6180
8780
9330
1593
9962
6387
2306
1347
3942
9570
4966
7983
6210
9745
9709
9540
9122
5817
7932
8365
4565
3217
7847
5899
8678
2634
6104
5855
7127
3407
4778
9606
7647
2597
8967
7924
6401
7696
5835
9909
4361
9541
2309
3760
9908
6469
4149
6006
2082
6364
4842
1031
4350
9206
1164
2412
6652
2382
1267
5633
7421
1499
2546
9610
3516
6701
4860
8630
8294
3931
3030
5293
9945
7551
5443
7014
8442
9672
4779
6049
5716
7217
8209
7827
2778
6752
1017
1227
1653
6356
9839
7210
3622
6696
4578
6764
2621
4876
2291
7236
7909
3222
3425
2842
3786
7230
1909
8301
7005
6776
1017
3741
9214
3884
6148
3324
9238
8450
1441
9375
2985
9983
5238
5743
7667
9686
8045
1156
4574
7419
5104
9017
9479
9537
6692
3886
8463
2665
4857
6022
4117
3068
3191
1234
5676
4396
8702
1796
7218
2023
6537
6279
3904
9461
9589
2526
2234
4320
5806
2003
7499
5459
3614
7923
8771
7321
5051
4544
4422
6196
7808
8926
1268
2125
9246
4382
7793
9106
5678
5244
8503
7713
1616
5729
1957
2961
7541
8591
8516
4111
3588
6937
5994
6874
6202
5047
7493
6952
7019
8029
8181
7384
3185
4230
5015
7161
3333
4738
8318
9357
8566
5735
8439
1287
2424
2160
2046
9219
8546
3958
7238
8779
6581
8883
1270
9697
3663
7013
4914
6741
5016
2713
9802
6055
1171
3540
6505
8404
3429
2884
4195
5869
6673
6482
3307
1314
8012
8472
4575
6775
1591
7519
4775
9378
3238
3770
1476
1774
8862
2188
5535
8812
9497
5068
2015
7288
8045
6723
9932
3245
5157
4064
8016
5585
2893
1880
5559
9129
7294
3003
3771
5961
1431
6916
9318
1931
7520
2899
9612
2115
3332
1782
6521
5381
1933
3038
3061
8940
4139
6059
1784
1258
4117
6407
2525
2326
9635
3100
6098
8432
2354
8302
1266
1737
3871
1649
7457
4872
7554
5971
7994
6525
4807
2557
2824
7776
4530
4705
3398
7662
3778
2682
1938
5569
7279
8686
5834
7522
7507
9074
4670
2458
7979
1221
8660
3745
8507
3883
4147
6550
6170
7749
3009
2614
6902
8347
5535
2271
6647
5154
1130
1142
6673
9515
5995
7311
9035
7613
1310
1945
1173
9886
7037
6363
8793
6862
7577
6644
1159
8346
9010
2452
1892
3843
1258
7156
6754
4500
3393
3304
3694
3554
9671
1290
9698
2165
8449
3683
7266
4054
9293
8954
8709
3978
6497
2421
5428
1878
5574
5629
1399
6157
3567
1271
5964
5350
3140
7150
7754
5785
8461
6644
2238
2543
1642
5985
8505
8622
4390
8042
7723
6432
5671
2354
3051
4439
3431
4965
5332
8560
2374
2847
7360
8515
4955
3581
7320
2924
6402
9516
4653
2676
4781
3081
4138
4832
2215
6345
2399
4664
3756
5581
2061
1426
2544
9105
1849
7987
6220
7458
4501
5313
9923
1233
7127
2027
2102
6231
1062
9794
2910
5268
2227
4975
2203
1796
4966
3769
8381
6730
7369
7310
8681
8937
9557
9528
9749
9677
5298
9798
7629
1315
5840
6473
1646
4835
9676
7030
9020
9840
6258
5485
1637
9762
8066
1495
2372
2246
6940
4426
2163
6182
5853
2475
7144
3403
7401
8147
8437
9833
1300
1033
9143
5630
7941
8256
2183
1462
1936
5347
6035
6690
7357
9436
5035
2538
3553
3097
5568
4529
3202
7451
5748
9695
5371
7500
6606
5296
3899
2727
9925
7150
2034
8923
1705
6859
1345
3697
6198
2029
8520
3634
6585
4057
3843
6299
8634
2823
1168
5111
3923
3145
5160
1345
7577
6999
8352
2215
2778
2927
6949
1807
7482
3847
8137
5196
5823
9512
8675
8298
6223
7674
5936
4302
9044
8622
6946
8209
4788
1117
4287
8286
5442
2560
6992
8511
2456
7844
3086
3917
7463
1577
4885
9381
9013
5421
8283
1331
4975
6084
1350
3361
6469
2189
6045
6900
7255
2210
3652
7215
8010
2684
5244
8627
3134
8769
7614
2771
1888
6650
5583
9472
4798
4303
5237
2855
2887
1094
7786
3724
2691
1380
7224
9465
8764
5417
2712
9378
9993
9527
2303
1083
1389
7408
9885
9205
6228
4173
5586
6804
8188
5485
7774
9902
6812
8598
8591
7754
3270
8377
7227
5247
6466
6586
7106
9187
7683
4286
3507
1517
2694
6744
8795
1553
6110
6926
8307
9109
3448
3353
3159
8079
3736
1600
9651
1794
1247
2618
3366
6152
4054
8935
5746
1252
5865
9240
8482
9378
9435
5986
9061
3222
9713
3372
5936
6713
8149
1365
9102
2821
8943
9777
9451
9363
8592
9082
8634
7235
1119
9274
3508
8750
1103
9225
3027
3713
7170
4919
2145
1724
4797
2980
3941
7111
4797
3781
3022
8928
8614
6439
9838
2308
1242
3910
3828
7760
7349
5284
1973
9474
2787
8099
3921
2699
1975
7128
3117
1258
5027
1962
8037
1977
9181
6643
2657
8812
6575
8430
7106
1052
9829
4566
3633
7716
9765
4373
7683
5426
7621
6466
9396
1993
8698
2919
8476
3750
4150
8794
1953
3141
6181
3633
2961
8755
5387
2169
5710
9400
2806
5314
8218
4034
9464
5097
4802
5303
4657
6001
9182
4626
3864
7967
6909
3956
6008
3753
5915
6752
7525
4717
5420
7085
8713
9486
1331
2868
3336
8187
4570
4086
6741
9964
4140
4264
8299
8246
6071
1009
2418
7789
9512
8693
1952
9689
1809
7933
5373
3885
5898
6718
6424
2406
5257
4679
4704
7679
3381
6355
8466
1150
2667
6791
5004
7945
8425
5889
3584
9916
1528
9204
9632
1608
1073
4815
5670
6722
4731
5046
9497
2525
9069
4368
8821
8462
7650
9467
5123
2141
8958
4474
5502
2127
1129
9929
5746
4848
6598
6122
8095
1320
5164
1562
1952
5495
1625
8312
2471
7638
9886
2697
1361
6101
9897
4436
4981
3709
3580
4938
9529
2071
5604
7836
7043
3677
4634
8898
5618
2707
2923
8299
8794
4410
9817
7684
6829
7264
3079
6468
7382
6643
2644
3117
4618
7371
1281
7244
4822
2206
8738
1380
2643
9800
1281
3476
4448
4713
5594
5785
5520
3422
3450
6414
1840
3616
2799
5821
8311
8181
3621
9131
1789
9008
4002
2399
8591
9729
1405
4033
2066
8318
1854
6473
3547
7660
6405
6493
8931
6911
3958
9327
9166
7628
1545
6120
7246
9831
6079
8806
6277
3031
4371
4808
3395
3943
3522
8164
9627
1026
2252
3140
8395
4651
3200
3830
8260
7308
8369
5330
3523
2411
6190
1826
8405
6463
2618
5200
6159
7791
9451
3825
7059
8503
6250
2739
3460
6654
9332
9374
2800
3916
6178
1857
3058
9357
1458
1852
1213
7625
1840
9191
2504
1056
2212
4839
4359
4211
5136
1043
1493
4256
5753
2244
8326
3564
1789
2434
6579
5529
4957
8558
3642
9969
5603
1500
8789
4732
1863
6077
5996
1965
5744
9281
5291
8922
3274
8546
5029
1364
3190
2478
4109
9728
7669
7830
5477
4439
3806
3970
5982
7441
9867
7503
3367
1756
4355
3930
8294
4951
1763
9000
7427
5811
8794
9448
7029
1052
5734
6643
6577
7779
9365
8795
9080
2334
7770
5623
1773
5669
9399
5331
7156
2154
8983
9011
3916
1102
1939
3204
2385
8095
9624
1499
1465
5339
9532
2346
6286
7432
5037
7448
8900
4545
5968
1443
7723
5583
3326
9683
8866
4510
4565
1893
6387
5029
1957
6331
3020
6444
8663
4320
4653
9307
8132
2222
6077
7053
4409
1722
5511
2372
1040
1474
5574
5556
6085
5968
3528
6730
9699
4857
7511
2130
4799
4428
8723
2012
2443
6350
8916
6290
4138
7825
5818
2404
2924
5338
9138
5390
5903
8062
5023
4023
3366
9799
3407
8744
9675
9808
3241
5440
3927
5415
7867
5650
7866
5385
9591
6440
4665
5527
4790
3592
4522
8543
7974
6030
2080
6425
4013
8600
5143
5384
1370
9177
2955
6463
7067
4979
5665
8895
8856
6397
3885
9916
6620
5893
8390
2177
1528
1817
1663
9435
5753
3501
5485
4929
6368
6242
7466
5315
1188
3916
3040
2048
5054
2648
2708
4715
8062
9588
1555
9510
8643
8231
5570
7604
7364
3002
6695
6813
5138
1034
7201
5128
1607
8359
4931
2039
7144
2821
2762
9041
3213
8026
8648
6270
8822
9408
9705
9342
9282
9266
1197
1704
8574
4200
6839
9387
4680
8946
7233
8881
7020
3051
3900
5529
7717
4879
5510
3697
4673
7802
9718
4077
6640
2805
7185
2472
3476
1615
1154
7127
2954
1723
6009
2882
5723
9556
9742
6754
7597
8368
7315
1372
5091
8677
9552
4275
3045
8878
5998
6673
4597
5397
1534
8121
2923
2333
4580
3599
2529
3016
1901
2998
6482
2312
2862
7918
5576
2352
9277
8662
2867
8560
7799
2521
9932
2210
4028
1191
3027
8738
5235
8822
5132
3030
9633
1514
7125
3519
4262
4430
3672
8955
7566
8594
5551
2149
9328
9111
4883
2447
2851
4796
6158
1917
9593
2756
3434
3687
3241
8049
2220
2610
4341
6673
4661
2822
8964
5605
3162
7587
7633
9146
4710
6515
2451
1495
9471
3077
9638
8514
5943
6133
1547
1265
3484
9810
7411
4301
2007
7098
7674
4705
5831
7614
3221
2174
4028
3686
1686
6343
3481
7481
3633
2476
2568
2295
4511
8784
3649
8981
1543
3754
6210
1850
3400
6873
7710
8712
2150
4962
3250
8288
8876
7617
7417
4113
7402
2582
3669
9283
5065
8818
3632
9544
4881
3571
9487
4694
4817
8599
8362
3149
9728
4655
8074
3557
1155
4069
7168
1635
5458
4477
7552
4267
4991
1123
6035
6180
1297
3391
2607
7111
7291
2528
1239
5411
2420
7264
4107
7390
9137
4347
3102
5404
4376
6964
4744
3212
5085
5577
6571
1203
8833
2509
8906
1094
1947
7553
3466
1223
4520
5630
1706
5846
9923
6723
9818
5376
7533
3288
6437
8996
5030
7270
5437
9742
8067
3785
4825
1088
7307
9887
6878
3046
7957
8946
2090
4302
6132
9907
6348
8932
4339
6499
7158
1901
8075
3462
4079
6565
6250
1986
4593
8220
1372
9426
9695
4274
4925
9261
7975
2387
9225
1301
3565
6169
9758
4965
7780
7588
9666
9220
6507
6554
1395
2462
9019
3141
1814
4993
9468
7523
8024
7748
7141
1486
8192
9130
5229
9777
6623
8938
6251
7723
6617
9774
6463
4029
3786
8492
7755
8104
7442
1748
2863
3117
8992
4204
7542
9756
7479
7181
9158
7763
9971
7307
9037
3122
3318
1684
6456
5687
5034
1033
3795
5496
2616
7339
5340
5842
1411
9339
4402
9756
7561
9442
5599
6115
1359
6669
4295
4585
3826
7592
5262
6790
9743
2250
2269
1731
7345
2596
6463
5093
7831
3930
6674
9117
1791
3209
9323
6567
9695
6099
1565
4560
9401
8925
9041
1447
5785
6379
3641
4379
2865
1694
7511
8205
1479
4899
9478
9096
5778
1108
9212
3572
2090
5047
7248
1392
4840
8843
4084
2163
8341
8209
5274
3580
7524
9387
7760
8763
7472
8285
7960
3880
2076
3537
6791
1421
1403
7926
7532
6756
7803
7308
3209
5627
7501
7411
5849
4910
9023
1564
1528
2342
7980
2821
1982
1752
4710
5353
8605
1186
5243
4525
1910
4098
3519
2565
8196
3702
8562
7424
2254
4933
5159
6322
5088
3482
1405
5703
4935
4879
9657
7878
7021
8770
4338
9023
1535
1171
9758
3979
9413
3097
9186
3567
3785
8169
3835
1838
1917
5306
4291
7079
5920
2036
9845
4368
7572
9509
5015
7829
6699
6337
9811
7201
7074
5549
7109
9132
2816
1262
4947
1581
5751
3062
2918
8343
3429
3818
6068
3271
4022
5691
8367
2493
4669
7049
6260
9710
3815
1168
7839
1712
5575
6219
7042
1150
7464
7059
5763
4144
6994
8097
4318
1494
8057
7833
2520
3980
6920
1952
5092
4409
7655
8711
4933
6879
2245
3300
3259
5966
3832
8842
6742
7188
3806
9629
6411
3637
1177
3202
9528
6218
6928
1809
9948
3673
4484
4449
1421
7608
7773
9850
3008
8751
6221
8127
7972
5846
1966
7749
3327
4134
7391
5742
7485
8137
5476
5961
8780
1495
3726
1661
8026
5515
1645
3033
4089
8089
5071
7327
7860
6614
5863
2447
3896
9494
4501
4579
9278
3040
2231
7264
3369
8944
5858
5248
4100
4582
3280
2701
1924
8530
7801
1933
7883
5619
4372
1218
7129
3620
1450
2620
3410
4133
1440
3255
9183
9902
3074
3500
7644
6492
4047
9615
2566
9714
8768
7232
6571
5011
2030
7256
2214
4791
9017
7304
6811
2653
3049
4203
6005
8007
8867
5885
8874
4867
1956
1481
6553
1092
4623
5259
5470
4507
5660
1121
9724
6298
1976
5735
8538
6253
5354
1981
4967
2932
2539
7081
2199
6902
5339
4719
3410
7381
3602
5957
5564
4792
2259
1887
3097
7529
9560
9826
8410
7938
5683
8171
1997
3093
4068
7221
1538
7383
1852
9873
6076
8620
5754
4900
3053
4569
1019
8611
8871
2755
6787
9921
9227
5310
5686
5133
7675
5558
9961
3051
5705
2598
9572
9097
4256
3430
6685
3492
7685
5763
8460
3240
8679
5246
7730
1454
1710
5953
5339
3703
3557
3678
4444
6465
1293
1932
8727
1344
4228
2690
1336
2926
3750
9351
2000
7376
7549
1126
5802
9967
7727
7255
3470
7848
8868
5727
4361
4114
5951
4573
1746
4635
9277
9641
3839
9768
6833
8933
6561
6448
5116
6299
8010
6840
3919
8070
8021
1759
1860
1931
5189
7097
5945
6253
3619
8289
9683
6251
8886
9347
4529
1462
4545
9404
9532
7800
9472
9262
8353
4827
3383
9799
7589
3104
3796
7618
7228
2140
4242
8953
6722
4754
3541
1805
7920
5919
1140
8650
6191
7430
3445
2019
7764
7081
5760
3008
7300
9797
6297
3816
3968
7622
9050
7551
5975
9806
9646
9502
5150
3166
5712
1156
1114
8185
7367
7580
5048
6408
4166
4306
4279
4340
6831
4623
1002
3101
7686
6024
4002
6173
2818
4616
7648
6086
3130
5415
7569
4161
9773
2451
9944
9462
5186
6978
4368
2349
9360
7369
9184
7850
9818
4807
8609
8723
1775
8204
5553
2198
2835
8854
7343
7932
7818
6656
4053
1846
8253
2813
6075
9135
4655
1633
8948
1198
4826
2944
3165
1781
4341
8014
9631
8151
6140
8139
9703
7999
6183
6378
6113
1716
1783
4573
5686
6573
2253
9507
7908
3619
7483
1562
3386
7150
8199
4676
4104
9566
6459
5909
9079
9624
4672
9822
7547
8624
2117
2087
4719
1952
1828
8288
1880
1946
8947
4888
4827
1015
9041
2821
8180
7227
7097
9948
8653
8999
7841
9046
5799
4146
2180
9104
3109
3159
8798
9152
8236
2667
4036
9476
7312
8295
5866
9600
8880
8415
4422
5154
7801
9888
7703
9103
2387
8545
2010
5889
7969
5409
4474
6215
9589
4428
3011
3050
1286
2468
1221
9985
7537
6394
8235
4198
6620
4731
7148
1868
7187
5291
7204
8886
5247
7181
6232
1206
3757
4651
8543
1999
4367
2288
7262
8663
4173
9816
9791
3533
7816
3713
4458
7099
2012
5560
3573
4164
4011
2711
4272
6482
9731
5980
7017
5161
1506
5867
6164
2382
2585
9670
4392
1925
5721
8063
1601
1008
4025
1491
5414
4695
4999
5813
3864
8496
5831
6560
5410
1030
4488
7214
9499
5872
4259
8845
4312
3576
6360
9883
1155
9134
3020
8602
1341
3450
9858
1296
7179
3526
6358
2984
2747
5216
6165
9627
4109
1058
9714
9889
3438
7544
7577
2291
7494
5695
1573
2827
3571
8457
5943
7082
4428
2539
4942
8377
5770
5212
6519
6838
8252
7564
8718
1040
3755
9115
9345
2555
1258
7582
2139
3352
5695
7910
6932
4848
9623
7098
5026
1738
5826
8209
4285
5894
3123
2330
7748
8209
6821
5505
6478
4513
6447
7638
4336
6196
4208
1245
8092
2074
5444
8813
7763
5294
2264
1419
7466
6705
6965
9750
3303
8805
6105
4694
2730
7660
8060
8479
5053
5282
7144
7162
9477
6089
2444
7830
1334
5269
5158
1978
5745
9145
5229
9183
9655
6201
4865
6618
3507
7184
4649
7664
4273
1382
3717
7006
7859
3312
6275
3234
4446
1569
7781
6820
7150
5766
8264
7010
8131
6479
3158
7134
8992
8101
8301
1517
7926
7522
7185
2073
9977
3208
3898
5794
8939
6281
5920
2740
9449
2981
1307
9589
6636
8411
8851
5226
1369
1837
1944
7250
9115
1557
9433
1684
5639
2277
3142
4826
6797
7923
9893
6435
2298
3850
3261
7747
9083
8156
7515
2835
5392
7656
8842
6845
6382
8633
9989
6406
2739
5069
6828
7010
9530
8728
9450
3241
6026
7021
6765
4243
2879
9511
1824
4095
3418
2744
3067
3766
6949
9545
7554
1838
6783
5176
3948
1749
7196
1795
8576
7281
5693
2969
8348
1892
4961
5833
4777
6652
2947
3572
2406
2920
1069
2462
8292
7480
4607
3481
5301
7084
5982
2980
3044
3633
5792
4014
6828
1851
5120
1413
4857
6888
1824
6077
4459
6471
2487
6518
5856
5435
7041
1227
6737
4423
6600
1881
6383
9652
5151
9889
8739
8713
8207
6897
3234
6169
7678
8510
3467
1601
4962
2316
6956
6641
7342
6918
2629
5765
4217
4179
1446
7807
8635
1542
1505
6584
8922
8399
8688
1117
4449
8206
8572
7676
6659
7287
5221
8435
9151
9927
7313
3919
6698
8126
2856
1866
3628
3537
4471
3718
6939
4954
6635
4908
7626
6726
9092
1598
7119
7060
4625
1901
2085
5605
6385
1281
5881
3785
6745
7133
6136
7974
4641
7593
5890
2324
4754
6885
2008
5363
5758
4306
2395
8435
9440
3093
9730
5950
8618
7447
4412
9846
1233
4251
3693
3640
8778
8956
1341
5911
2559
4030
1666
6772
9231
6370
9196
4616
8378
4722
9005
7262
7543
7226
7012
9248
7444
1597
5964
9645
2203
7321
6518
4216
8740
4971
6200
6022
4472
3600
6958
6511
3744
4566
7044
7516
3672
5612
8372
1227
5193
1600
2341
6117
5064
3502
1021
9521
4321
2881
4944
1346
2849
1960
8250
7684
6686
9698
3627
2142
1602
4624
1004
2871
8233
3953
2532
8215
2902
9598
7860
6775
2108
5406
9303
6885
9355
6876
7815
3766
3926
3952
1188
2343
6096
5356
3758
2549
5200
8290
5229
6608
4900
4159
9417
4446
7332
2234
5435
3312
5344
2952
4058
5784
6857
3074
5267
3170
5833
4532
9649
2903
3128
2771
3660
3271
5252
7271
5795
9663
6536
9847
9773
4240
7905
5746
2379
3997
8728
9357
3130
2323
5305
1984
3583
8848
5233
6647
1622
8591
4613
1536
8230
8666
5223
1610
9265
2638
5723
4167
5702
6131
9667
1857
4186
7690
7325
5501
7930
5252
7670
8800
4452
7397
3625
3237
7028
9365
6153
2609
2687
1842
2790
5978
6422
9531
9156
9661
4626
7617
1201
1439
6203
7768
9243
5977
3591
3758
1453
6222
2410
9664
1438
4353
4998
5253
6378
9268
1378
5202
3822
7196
9676
2942
6225
6824
7853
1783
6821
5779
5819
4166
8198
3247
4204
5903
9088
3340
5555
2237
9358
8401
5175
4350
7425
6107
7476
6647
5642
3594
2911
7326
3514
5911
9316
9751
9649
3262
2978
4533
6762
1397
1779
8588
1516
7790
1172
9674
5700
1497
6302
3120
8539
4680
6024
6121
8801
6946
9557
8683
7485
7402
7991
3469
9726
9494
7065
1188
5479
8052
3168
1326
1516
1730
6789
2751
9378
2901
9196
3906
9840
7014
8616
5693
6038
5087
2670
3541
6269
7865
8449
6681
2623
9702
3376
2963
1776
6016
5425
5403
8268
1302
7134
6228
1958
5502
1924
7170
2390
6145
3945
8442
6670
2257
8403
3527
1320
7166
4777
6361
5440
3549
7125
3807
8751
5517
8641
5811
1298
5985
8671
9054
2135
9018
2525
3204
8343
8034
6706
1828
6911
3630
2521
8949
7986
4113
7163
9146
3119
3542
2175
7909
8793
7078
1822
3847
3484
6507
2869
4665
3205
8577
8049
5259
1337
3643
3135
7096
4184
7289
8691
6972
2607
5747
3402
1362
4345
2567
6797
1760
2253
3876
3598
9466
6682
1962
1393
3063
7050
9122
8015
4688
3018
1352
9106
4961
1146
7510
5959
1459
8862
6463
4557
9528
6224
5874
2081
1038
9573
8241
1956
5268
1490
8675
5353
6362
7460
2998
2039
5953
2266
1185
2125
1755
5685
9954
6922
4296
9451
8292
6921
5289
1573
9220
9070
7683
9707
7273
6479
9083
5240
1231
3105
7937
2181
8357
4355
1901
1587
6671
7853
4026
2192
5228
8047
5111
5398
8557
1599
2155
4712
5223
8322
5848
5433
8133
2414
7721
3517
6868
2560
9683
3188
8151
4223
4707
6713
6115
8365
9739
5604
4519
1979
1430
4892
4751
5060
5851
8941
9790
8749
5629
5949
1225
1806
6826
8772
2578
9545
1961
8521
4082
7410
9339
5849
9543
1205
3683
3220
1217
4048
7103
7007
4336
8164
3893
8689
9040
3694
7048
6708
1010
8365
4900
5567
3251
7948
5219
2977
7460
7533
4872
5614
3741
9423
8059
4728
9727
3426
7904
2707
7124
2262
2908
1227
4429
4523
3311
3242
9819
5876
2035
9458
4298
1644
2390
7886
2570
1838
5973
5851
1651
1305
4006
4069
3209
4547
5060
5614
4572
4418
7152
7300
5538
1572
2290
2138
9192
8609
8851
9173
2333
6912
9685
2419
2014
5610
4374
4671
7699
7477
6480
2581
4967
9265
9813
4931
3103
9962
4026
4340
6918
9833
6297
2959
8387
5028
7962
7248
2405
9566
3589
9780
2066
3464
9240
3057
2055
4834
3729
6967
2305
4902
4932
1530
9203
7781
2005
6626
6818
3880
4189
8703
5638
6580
6637
9002
1927
4909
7422
8974
3829
9045
4145
2764
4113
2526
8885
6240
4069
8324
3508
6355
4705
8890
6384
1310
9140
7671
3335
4296
6539
5132
3691
7813
1032
6010
3822
8771
2844
1969
2450
4752
6443
8772
6422
1818
7337
8448
9488
9804
9426
2329
6583
8882
5032
5263
2486
4383
9671
6491
1883
8028
2628
5022
1774
8737
2915
5514
4697
2879
5090
5137
6703
2765
6104
1713
3333
1090
4656
3301
3014
9449
6657
5297
7555
8140
4986
1367
3295
4668
7997
6286
1541
6469
8538
7256
3568
9082
8140
9637
6996
7796
1490
9556
3161
8602
5105
7685
4087
3510
1242
3391
7059
9250
4538
5481
7887
6474
4273
1321
6040
6731
3284
2449
1179
6444
8538
1616
7140
5251
5784
1894
6108
6335
4019
4530
4839
1541
2486
5053
6756
9244
2800
4816
8111
4089
8690
7078
4800
3151
1972
1942
7301
6748
9247
4268
1147
2911
4175
9006
2276
1540
3336
1614
2970
5459
3231
5941
1139
1404
1257
6652
3517
5792
4513
2330
5996
1411
8452
9316
9214
9728
1851
8606
6522
9241
1686
2243
6217
2821
6058
1396
3605
4354
7229
8075
8498
4440
3517
2803
1332
3887
5886
5733
7550
6941
4047
8102
8384
3883
9551
6798
5810
6797
9505
7262
7027
2434
3517
7121
8748
4748
9391
1591
7063
4280
7275
7553
6224
2135
1000
9669
5897
9703
6590
1402
7921
6154
6906
5928
3741
4962
6320
4590
8950
6636
2731
6579
6498
5955
6594
4407
1786
9352
6288
3249
7775
4666
7193
8308
1401
5832
7329
5719
3373
8859
1908
9660
5713
5958
2800
1441
1941
7226
5898
3331
6771
2101
5990
7334
6230
1418
9253
9489
3687
8172
9000
6680
4021
9180
2588
5341
5007
3887
9893
7263
8079
4196
6722
4683
6490
7491
6777
3820
2081
5708
2291
4906
8728
4172
5881
7905
7570
6514
4677
9027
8462
3489
5627
2480
9061
6282
7902
8348
9864
2153
6178
9704
7874
2308
5528
6486
7598
5184
4591
8161
6552
1691
4854
2743
6686
5216
3699
8678
5299
8073
7093
9546
3823
4225
8360
8993
2303
1733
9877
8654
1461
6116
8891
7142
3166
7725
6098
8159
5865
8493
6927
7484
1631
8808
9257
1069
4509
2981
6781
8978
4726
7720
1464
9649
3723
1832
5956
9113
7525
7367
3985
3308
5978
7504
7250
4520
7804
6025
7450
4521
6047
1315
8186
4653
9725
3540
6248
6387
8514
3864
4111
2993
6744
3415
5677
7679
8232
4173
4348
6679
9635
6927
5958
8323
4249
2899
2690
9387
6982
1125
9895
7993
2381
2966
4224
5261
2715
6737
9102
4697
9099
2265
2543
5289
5888
3022
8554
8455
3238
9268
9434
1392
3290
2256
8299
8899
6469
6284
6809
5902
5612
8309
9779
8863
1103
2759
8015
5800
9995
9063
3377
1231
1212
5490
2820
8498
6345
6548
2844
3571
3472
1730
7236
3603
5596
6549
9103
3359
6812
6589
4050
7430
3605
4712
8121
9258
7669
8024
6164
7444
3593
9909
2010
6129
1277
1193
2635
9502
5852
6877
9160
9624
5821
5878
8549
9079
9102
3359
8208
7200
8963
1854
6250
4483
7055
8228
1874
5375
4230
9444
7169
2210
8346
3245
3320
1514
1938
3989
7609
3038
8807
4088
8015
9716
7724
2707
9042
8705
3777
3337
2808
5319
9615
7425
5148
8877
6981
1657
5841
4053
6959
9037
5966
4830
2206
3215
6750
9913
5987
1756
7757
5691
8282
9214
7210
9896
9168
3250
2988
1663
9699
9791
2609
6015
4080
2598
4935
6243
2764
8195
3482
9768
3486
7293
6305
8604
1481
3041
5917
6845
9399
6228
8767
6183
1041
5109
5768
9251
3881
1834
3910
1376
9802
6821
6493
6921
7142
7767
2539
1645
5630
8455
2392
5609
4193
4867
9969
7050
7981
5928
8544
2549
7965
6566
9100
8553
5498
8791
4268
6860
5767
8727
3679
4679
4361
4467
9723
2625
6721
1119
1234
7200
6502
7480
6643
4869
4339
1133
1614
4067
8785
1338
3257
5580
1900
2565
8471
8748
4244
4698
8560
6170
1711
8063
2453
1713
6337
2529
9250
2274
5147
2261
5427
1171
9335
3979
4259
4005
1269
5671
2582
7231
8405
9585
7160
4490
3401
2768
5128
1807
8708
7399
6196
5842
4388
2173
1599
6630
6265
8950
3670
2968
7370
7848
8008
2621
5484
6910
2202
5377
2636
2356
3359
8619
1271
4814
8909
6466
7844
9624
2198
9388
1044
3644
8682
5904
3979
9853
8900
7319
7819
3304
6660
5470
9416
2245
8382
4503
9861
9591
9509
5323
3265
9857
6723
5781
7012
8098
3129
7887
7680
3060
3144
4380
3269
4621
9974
3663
4181
8818
4525
1262
1236
1061
4104
2736
7849
1368
4477
5704
5352
2611
6698
8373
3537
6594
9552
7373
9144
7968
9306
6715
4062
4649
7625
5781
9674
8367
4574
5994
5842
8380
4095
3636
1016
6301
9539
4193
8957
6885
3193
6008
3126
9578
5624
6971
2150
9963
9482
4131
4605
2989
5414
3303
4980
9264
2487
2527
4363
4137
5451
8347
4002
7304
8532
3951
2813
1276
4645
6998
7116
2240
6270
2904
1112
7860
6829
4168
5907
3958
1987
9006
1847
7211
4332
9940
1475
4680
4770
2860
8325
4079
9967
7814
8947
9230
8548
4429
7545
9242
7720
9822
8384
1993
5726
7389
6766
1597
4874
1539
8618
5745
8302
2410
3368
2709
7820
4643
7358
1078
4441
9356
6460
2223
7471
2744
5617
2927
9344
6703
3166
7808
1993
7687
8730
5100
4170
9687
2509
8770
4929
6897
1701
2990
7678
5362
6109
9417
1316
4540
3119
7185
3814
9290
3235
8462
5203
8793
7729
2305
4575
8528
6748
8117
5799
8128
8039
8256
1250
2441
9921
4319
5065
2666
1228
5212
8224
7741
9025
5975
5418
5553
1415
7479
8726
3927
6933
9906
7005
5564
6435
1650
5373
9585
5758
9129
5229
8521
2523
1178
4436
7392
9783
4283
2589
4708
7782
2573
2543
2276
1922
5905
2197
3990
3573
4689
5537
8807
3349
4188
7442
9698
1495
6441
8824
8836
3635
6904
7452
6420
7191
9004
2247
8502
2223
2027
2593
8985
3022
5839
2571
6550
6720
8712
3975
4652
6289
1578
7262
7259
2577
3494
3936
2154
1472
7604
3480
2249
3297
3072
3795
1756
7873
7919
3120
5778
2751
5847
6486
7062
9991
8692
5295
5917
6543
9520
4409
9367
2850
6912
8181
7649
4435
2711
5653
1396
2087
2100
5906
2154
6941
1634
5217
5675
3192
1531
2457
1105
1419
2543
7663
7286
3205
3275
9179
9689
6405
5103
7723
8042
6707
9604
7357
4188
5997
1397
3791
8113
3989
1827
6721
8657
3715
1319
2963
1584
6329
3302
6238
5165
6123
1283
5831
8316
9316
3966
9014
8680
2367
3784
4991
3060
3147
8926
3407
8539
3001
9151
6357
5934
2808
4957
7996
4732
9410
8929
6527
8999
5009
2631
9992
9812
3786
7287
8954
1245
2339
4411
7984
1380
8414
8213
5911
5819
2137
6643
7430
4775
8600
4615
4253
3770
7031
1219
4091
6149
8164
2301
3289
3043
4402
6166
2294
4017
4522
6730
9540
2223
1116
4176
2681
9087
5366
8537
7869
1702
2004
6925
5360
8019
6751
4415
7879
6722
1045
8046
3908
5158
9073
4482
5076
5964
1950
4876
6847
8569
5166
2880
1770
4891
4026
2080
8980
2673
4611
6532
9127
5275
3856
9525
1523
9400
7909
5134
7142
9753
5064
2033
7393
1577
1627
3396
1179
5309
8958
8430
6975
6271
9844
2492
2892
2256
9115
2893
3112
3755
2585
9827
3764
5987
1182
9666
1619
1043
9587
7987
9532
7648
4113
5719
3458
8723
9553
8802
6766
1139
8090
1193
2554
4636
4291
3724
7483
6448
8877
2051
1474
4273
7691
6919
4547
4979
9289
9423
2159
6128
7243
1983
4455
1588
3372
1601
2099
9012
9729
5893
1226
1878
6099
3456
2056
9940
2423
5340
4278
9241
2870
1265
7149
3082
5787
5145
5006
4616
8348
5963
6333
1194
3853
8823
9899
6173
7282
2705
8413
9931
6244
8902
5748
7762
4844
9665
1366
7501
1398
6887
7390
4732
7047
1331
9802
1088
4658
3135
5464
8398
7427
5818
1987
5870
7268
4018
4427
4241
7731
1841
4095
2642
7934
2412
2951
5014
9052
8657
4229
5059
6731
3413
3456
4010
1644
5041
5331
7315
7572
8733
9470
2430
7550
1748
7038
5692
6768
2331
7180
5211
6076
5094
2426
1496
3681
8004
9940
5991
9704
5562
8226
8880
6521
5123
1500
1063
7947
5854
7834
4435
2272
3193
8016
1311
2122
2513
4054
8302
6266
1925
2362
8619
4197
7726
7635
8602
1652
5680
6316
9017
2201
7743
6386
1477
1772
4126
2052
6593
3203
5372
2485
3773
7223
5947
3301
8009
4843
1716
8536
6690
4242
9326
3648
5909
4870
1286
1514
1546
2596
8959
4196
6018
8497
6075
1684
5066
2233
7637
4924
4777
6574
2272
3302
1297
2801
5252
3073
9612
6169
6105
6266
4825
2531
1458
9546
1879
9164
5691
1389
4650
9716
6993
2214
9355
5874
4998
1853
9606
3691
9036
5509
9350
1402
1877
4206
6240
2885
6650
9952
7393
7933
9441
9447
9724
6656
7407
1098
2816
6699
7354
6879
2971
4969
4210
7066
3646
5222
3761
9635
5197
1214
9810
2334
5309
3792
9310
7490
1967
3202
4526
6262
7248
7745
1935
3636
6788
7686
9701
2574
4124
7921
7584
8217
1413
5241
8061
2427
2011
1820
2491
8068
8723
4296
7064
6101
6760
2470
3553
2528
7938
9587
8188
4041
2573
2430
5835
8920
3187
6909
2414
2407
4672
9433
4433
2254
7758
5834
9010
4071
8497
2521
4995
6699
3896
6470
9235
6404
9551
8247
1635
6691
1037
5261
1923
9411
3085
5899
7590
6504
1154
8986
8525
8557
9187
5089
8633
9290
3031
1633
6608
3587
1175
8387
2404
1700
2612
9805
7526
2381
4156
8867
3733
6335
9469
4425
9734
1107
9201
4254
9540
6232
5380
6256
9389
6571
8845
1718
8713
8447
8188
5977
6587
2780
3832
5031
9045
5509
1865
6676
6855
1220
2447
6276
5244
5387
1841
5776
6989
4567
3227
7223
7625
8790
2842
3625
3645
9510
4544
9813
1271
6163
4350
7664
4089
4022
4753
3900
2722
7229
8009
5882
9993
8121
5092
1042
7164
3600
6639
5199
8619
4744
1440
7006
5147
2443
8024
9652
6716
7351
6399
2722
2280
5256
7554
7960
3617
2765
4738
7848
7212
3821
6000
4495
9968
6069
2408
8414
4072
6587
5625
4468
6325
6572
8380
1733
4181
5151
8578
6104
6128
6649
7374
3996
5455
4540
2168
3919
7757
1104
6740
1706
3088
1822
1363
5674
2560
2448
7295
4390
6825
8633
6639
4387
2631
7990
2116
8970
8997
6343
8235
8098
7539
3689
2403
3188
4060
6518
4682
8380
9027
6899
3588
3914
7715
2428
3624
3985
5726
7408
2688
9572
8374
2663
7720
7768
4070
3924
4724
3401
3714
7736
7991
1161
8294
4985
3306
1533
2211
3121
5380
1038
8120
9943
3854
3237
6432
9649
3618
9705
8264
5751
2188
9755
1573
8076
5736
6152
9764
7414
3543
5989
5448
9364
9602
4884
8079
8019
4032
6527
8563
4252
3324
8838
5017
2452
8608
4645
2932
7230
1764
2745
6161
3946
8516
3333
3531
7812
6298
3995
4351
7434
1147
3758
5510
1380
7515
2040
1801
3314
4721
1006
1255
5327
2221
1742
7509
7108
2998
4875
2639
9682
3825
9305
9103
7078
5701
3986
3326
7804
2289
5126
6981
7313
9759
4933
8845
7126
6879
3257
4749
6871
8301
5306
9083
5013
4064
8686
4076
4750
1566
9195
1630
2776
3924
2414
1115
6980
3978
7363
6750
7730
7917
5982
7059
8593
9270
2258
2692
7615
3048
3019
1671
2314
8495
9161
8688
5667
8590
8203
8596
8311
1043
9303
1788
9618
4593
1203
3655
3980
4189
1140
7605
5059
5812
6360
8334
9558
3487
3251
6601
4470
3717
1652
2873
7218
6514
5007
3660
2436
1079
9149
9444
4103
6046
3706
2754
4014
8876
1657
6296
8628
4677
7846
8827
9502
3831
9574
4226
4095
5015
2027
5878
9777
5893
3852
8300
3886
2591
2920
9068
3509
6480
6087
7608
2566
3065
4895
7027
2750
7124
6446
2623
4977
9247
8456
7177
9029
3809
7758
2096
1920
7864
5477
6307
1230
5224
2950
6485
9150
4318
6125
3181
1809
5754
9716
6042
8844
9457
5575
1880
8725
1228
2916
4640
9033
9742
4836
3449
3565
4038
7809
1676
5824
1026
4511
2330
7760
5445
2005
4071
4690
5867
7681
4880
3507
3901
5864
7818
9032
4606
4568
5509
8225
4504
8890
3475
2446
7603
1581
8491
3025
5853
1113
7115
9548
2971
7036
3152
6043
2851
1213
1325
7764
2068
3297
1095
5288
8109
3297
5168
8332
8953
8118
2635
8179
1069
2360
8631
5569
4077
2257
3590
5670
8646
1276
3111
7788
1656
8640
1922
7200
9536
6647
6167
2780
5126
8611
8185
8133
9802
1241
2145
5466
1690
7809
7573
6983
5667
8164
7423
1721
1530
7410
5431
7566
6349
9367
6189
9353
8406
6763
9585
5885
1713
3219
6623
5576
7435
2270
2714
4837
5821
5640
7140
5059
3346
6698
8900
2868
5672
4450
3942
8860
9425
8234
4900
4892
1288
7815
9575
8615
5810
6879
9015
4883
1418
4011
3317
9176
2642
9975
3757
9384
1189
5302
8808
7144
3319
8399
8801
8908
5017
7652
1346
1896
3490
2793
7431
1734
8613
5496
8899
9019
2581
7095
2769
3284
2793
6473
8731
1316
7104
7033
3636
5772
4404
4880
8180
1209
2971
6414
5509
4634
2983
5059
1899
3114
3889
2478
1794
5505
9376
3024
2333
3268
9401
3602
5161
9173
7458
3265
5582
1338
8520
2775
1359
1357
8991
4361
3420
9194
7441
1460
1815
2715
2167
4646
4752
8006
1970
7024
3513
2145
3826
7803
6582
2351
2473
2479
8326
9284
8059
1517
4126
4857
3897
4960
8405
7387
3202
2228
7382
5449
3201
1688
6798
8635
8621
7171
2462
1224
1194
7066
2268
7696
2469
5132
3346
9239
9044
8508
3194
2616
5410
6832
1430
1185
2551
1556
8110
7914
9259
8025
2249
6478
5334
2196
4361
2829
3379
7750
2027
4723
4678
6926
2572
5605
4404
7953
8437
3069
7155
7537
7937
1732
5403
2464
8963
1059
4947
4152
3459
9323
2092
9985
7631
6271
4083
9451
9974
5656
3956
5074
4900
6062
5573
6636
3550
6779
4109
9923
7906
8841
6065
5700
8030
6088
7587
7983
1566
1118
4284
6219
9415
2850
1548
1979
3198
7653
3012
9032
3045
3989
7009
4325
1163
8808
9277
7584
8383
8312
3003
8667
2908
1589
6261
2090
7768
2663
6830
1123
3089
7125
8945
2423
9756
5700
5395
2188
3787
9089
4509
5170
3051
7779
8165
5281
3173
8079
5253
7252
7499
8197
2996
3677
1711
7964
3286
1859
9119
5170
6109
6930
8168
4280
3145
1801
4581
5072
6867
5304
4646
4516
5012
1789
2361
4226
3926
7469
7966
2453
7013
8343
6821
5747
8426
7283
7692
7670
6232
5555
2802
8564
5357
6223
6012
7652
2450
1943
6244
1472
5322
2751
4188
1613
7600
9542
5733
8052
3339
3427
8642
2052
2269
3069
9959
3304
2968
8591
7299
9684
2429
7669
3756
7213
7901
5574
4906
1708
5762
2269
7926
3314
5704
1600
8666
8376
3214
3560
5579
4721
5846
9302
6477
4631
9961
9574
4342
4264
3413
6380
6462
4671
8820
6689
5343
6382
3442
5346
5241
9486
9255
2382
5700
1195
5495
9525
6977
2873
1785
9655
1671
7566
8827
6287
5222
4604
6907
8349
7783
5706
5274
4846
8408
4932
9778
3761
2722
3159
9839
5259
4381
6112
4134
2744
7277
8406
4701
3579
4703
3243
6653
1836
8456
5589
1217
6800
9143
5299
7798
3021
1067
7601
2968
8712
9106
5316
2071
6817
9606
2058
9091
7699
5044
6643
9120
9200
3553
5967
7694
6889
1434
1452
4681
2875
2147
7470
1442
6885
1670
8080
4237
4950
3103
5607
4955
4456
5434
8904
3695
1005
3864
8956
1305
2674
3393
2981
7870
8030
2245
1996
5397
7703
3852
1176
6778
7878
3728
4506
7173
3666
2441
3436
5902
9786
9164
7923
3904
9649
5567
6399
8781
8156
6966
5283
6054
4792
1508
4865
6768
6846
6355
4122
4075
6647
4586
8955
1352
2800
7639
1281
1251
5541
9000
3664
3386
9367
1740
1135
7749
5270
9145
9390
2829
1537
1299
5113
7115
9662
3528
9548
2868
6140
3874
1112
6783
4752
2148
1057
8171
1517
1094
1880
6621
9239
3524
4788
6989
2615
3025
1386
8148
3933
5456
7951
9114
8597
9669
2214
7975
6845
4805
8746
7714
4762
9419
4234
8175
7005
3029
7340
6611
7764
2474
8855
6488
3058
7988
4674
4773
9076
2472
5147
2202
8961
3938
7265
9047
8523
5800
1110
9393
6757
8533
9383
5804
6281
5774
7045
6481
8142
1255
1790
4424
5299
6711
4580
1252
1862
9663
4595
8067
3747
2735
1960
1757
2547
6371
1893
4538
1240
8027
2683
1493
8967
7765
5463
4808
7642
8757
8263
8506
6236
6544
8153
1125
7260
7086
9914
7813
4829
6529
5350
7256
5338
7441
9365
6571
5235
6520
4269
2856
3821
1141
2072
5870
7183
6405
3962
5797
5746
7774
3901
8715
2534
9810
2532
2044
9644
1748
7395
2277
2898
9076
1327
1914
9046
9065
8843
5005
4246
7983
9350
1157
4856
7062
3098
3131
2123
6683
6127
2961
7741
1072
4340
7141
3586
8233
1083
9045
5510
4722
5856
8483
7372
6590
7462
5101
8725
9756
7178
8509
8021
9112
1833
6162
1171
7412
9708
3633
7484
2732
8877
3084
9470
4691
2018
8220
6026
3599
6403
8519
1859
8287
2698
7564
3039
2882
1394
4309
9803
3307
6828
5480
7927
9382
8435
9970
4118
4120
6865
7964
8668
6836
6078
2234
9702
9208
7279
1662
6640
8527
7167
6676
5078
6242
8937
4252
2158
2794
2743
3308
5658
1314
7435
9731
5258
6882
7601
3796
9490
2504
1083
2854
3125
2952
4343
7589
2159
6165
9989
9234
8769
8364
9532
5274
4986
9950
4586
4457
3524
7393
6289
8255
9558
8751
5426
4939
2289
4290
2945
5563
3969
9152
1989
8223
2365
1969
2477
8183
9922
1267
1221
2723
8997
1832
7354
8610
2306
9758
2491
2041
8508
3695
1648
4947
7476
1068
6948
4584
1979
2194
8061
9142
6577
9926
8563
6963
4153
3011
1946
7359
1125
2579
8074
2200
7218
3433
6025
8742
7264
4070
3828
3001
9997
3414
5888
6958
4241
8688
3894
3266
4625
1445
5335
3102
1821
8406
9740
4360
8752
9970
5699
5333
3786
2357
4288
8620
7758
5963
1848
3069
5248
9145
8432
8304
5086
8440
9206
4333
8766
2543
8891
6671
2894
1456
7754
7895
7175
6551
9080
1000
6260
6594
6458
9424
3296
7488
3056
3532
9205
6482
3896
4919
9712
7533
7455
8326
9296
7286
7692
7115
8329
1699
4845
5786
8865
4620
1324
1460
5006
9020
5902
5523
6886
9257
9519
5640
4860
2410
6630
9957
1431
8332
2893
5005
8187
7671
7973
3286
1314
2376
1797
6216
1862
8403
3699
9686
5684
7537
5917
2872
7747
6523
4216
7544
5817
3678
7230
8175
6455
3754
6775
7458
3470
8550
5850
3048
9189
8410
2507
7462
6813
9707
7084
2586
1913
6103
9565
3193
4901
2642
2927
7067
2887
7825
5407
7269
3961
8198
5028
8071
3515
9000
3004
2388
3859
3105
1573
9259
4038
3406
4359
1787
1262
5837
1488
9811
6819
6695
9890
2648
2588
1702
4915
1863
2486
1833
9331
5845
5283
9506
8052
1780
2423
5871
3308
4547
9398
6657
4773
2195
4515
8307
7617
4531
7280
4957
4985
3492
6497
3432
8368
8463
9975
5460
7460
5346
5669
5243
7939
5610
9337
7456
2248
9788
9194
6556
1318
4363
8552
7572
3939
8275
9474
7873
2226
3781
9239
4039
5907
3211
2556
6154
1153
2253
4265
7894
5644
4740
1367
7847
6291
9078
1792
1151
6552
8755
4581
7352
3742
8943
2277
7094
4799
2397
8304
1803
3000
8410
6677
6764
3096
9676
4681
8171
6559
5222
8541
9242
5519
1281
1402
7003
2095
1449
3471
6616
4596
4189
8851
7092
7157
8081
7801
3411
7512
9877
9524
6412
7565
2190
3627
1986
3324
2308
1351
3747
6756
7044
1708
7156
2860
9301
1177
9912
1091
4630
3134
7970
3734
3271
1238
1046
8243
6208
6043
7655
8114
3630
9566
8062
8317
4524
3745
9270
5857
9168
5730
1302
4245
2057
1433
5043
7213
8965
7004
4557
4258
1391
2081
3401
1431
6924
2359
8434
7133
3997
3036
9430
8079
3335
4868
5935
7975
5370
5094
4804
3988
6675
3402
9441
2821
2707
8751
2694
4744
2492
7937
1013
8382
8396
1567
7568
9569
5471
5640
4815
4128
8678
5789
7105
6320
1728
8378
3793
6439
1273
8930
4193
6431
9199
1178
1680
2418
2427
6700
1849
8317
2157
5651
8739
7250
5888
4463
2667
8151
6631
4080
1746
6798
1504
1009
3992
4942
8334
9661
8984
9488
9931
7261
3550
1291
8015
6484
7411
5025
4418
6483
3030
4290
9004
1537
6597
3903
3298
8477
7735
4153
7658
7929
7094
7575
5856
6687
8716
4988
4895
1863
6043
7463
9521
5324
4786
4660
8335
8721
6943
5779
6786
3954
4934
6153
7989
9971
9753
6175
2266
7615
4204
3947
1075
6569
3168
6475
6885
3217
4369
3218
8257
7335
7485
7329
4488
3101
5831
2172
4702
3835
2267
8921
7294
5358
8412
1675
2619
2124
3841
5624
5281
1878
1212
7147
9967
8586
4893
9012
9967
4330
9359
4034
7863
2774
3738
5641
4053
2657
1271
4362
1398
5592
4542
5661
2834
9859
4366
1577
8383
3498
5508
8780
8228
5011
1721
9081
2341
2006
6162
6906
2849
5769
7111
1888
1494
9623
4031
7543
2886
8913
5740
8999
2659
8381
2382
1454
1892
2813
2631
7868
3062
9168
1252
9851
7656
1489
7978
5537
4014
4900
1708
7761
5893
8453
7735
7852
5144
1488
7268
4898
6558
3659
8265
8186
1773
8019
4800
6724
2799
6513
7962
3600
6032
5983
8018
4180
6007
2260
5939
8744
7267
2049
5155
4252
5158
4332
6566
4010
6578
6895
3306
9053
8417
7811
8199
2778
2240
9172
2029
2971
3046
1184
8342
5092
5611
1525
4455
9469
1929
2923
4620
6456
7867
6733
8973
5511
3413
1103
5701
3568
9051
3988
6431
9329
8003
9247
7382
1627
7797
9783
6298
6120
5475
2640
1684
8683
4969
7634
8514
8900
1347
5302
8672
3993
6144
8006
6372
8848
9832
9640
1330
7529
9378
2140
4154
1269
8690
4252
3868
6545
4676
1225
6078
3875
4514
8281
6216
3777
3077
1285
1911
7603
3359
2832
4224
6072
8587
7044
3487
6495
1830
8054
7714
1930
9188
7696
2886
4969
4110
6259
9289
7919
9879
6535
7520
3730
2842
1709
3401
9712
8836
7474
6249
1924
3460
7436
1225
9773
2226
1818
8863
8607
7497
2284
1195
9404
6642
5755
3098
9202
1329
2164
5816
7497
4740
9391
5575
8303
4666
2378
3897
6496
6806
4518
3840
5072
8708
9692
1828
7687
5279
7730
6331
4058
2660
3684
6400
6395
9526
9280
4743
1053
2839
2234
1846
1200
7191
8347
5763
6207
8360
5621
8267
7538
1760
1828
6604
2879
6492
2984
9909
1729
7131
7552
6460
9607
2917
3428
6753
9856
7754
1160
4767
5342
3054
8516
3092
2793
3113
4804
8388
8818
1191
4649
5993
9617
4481
1397
5416
8817
2526
2669
3414
5587
3114
7790
3969
3754
7463
7047
2743
2292
3195
9738
4542
9423
3784
6033
5771
7456
4480
9222
9974
1647
9003
1678
3298
2602
6190
5119
2414
1169
3165
1705
6161
1519
8000
5530
1982
6757
2357
3153
2155
5411
3485
4584
4950
8983
5528
7955
9804
8334
7536
1212
3945
2200
3669
2263
7014
7422
5379
3391
5577
7621
2749
1726
4914
4872
4886
7970
5528
7443
3598
9514
5297
1593
4196
8392
7760
3741
5090
7926
8899
4623
5283
4420
6571
8664
4674
2848
8202
3955
3178
8949
7086
1419
1466
8260
7366
4782
6735
1404
6602
5102
2367
5107
7015
2009
1168
6810
5583
9866
7146
8201
4759
8277
2560
4146
4445
4728
7338
2964
9555
2891
4157
7529
4521
7446
9680
8136
6841
2742
4727
6502
2620
5360
4347
9956
7726
3340
2685
7182
8825
1369
8649
9117
3679
8641
7145
7136
2320
3144
7146
5756
4155
4891
8981
5650
6069
1584
3317
6814
2301
3175
7546
6655
8347
2587
8009
9176
9543
1391
5845
4492
4437
3454
4974
3603
4256
7198
1901
8242
4099
3941
1954
5780
4274
7556
9548
1923
7204
8024
9951
2233
7873
5211
5674
8760
2886
5738
1515
8538
1178
8436
7739
8092
5033
6373
4725
8339
7464
2677
1934
5484
9294
2252
1041
2295
4492
9928
4041
1183
9815
2542
1912
2047
4824
1794
5852
1500
6356
3279
5234
4720
8426
9222
7533
4352
2618
2129
2933
9907
9046
3348
3712
5336
9943
3547
5461
9364
6614
3815
7216
3479
4272
2668
6171
7549
7824
5587
8816
3086
5690
7678
3073
9815
2729
5681
5912
2360
5193
3146
2011
2838
2627
7285
7364
9545
3482
3302
3688
6506
4478
7569
7422
5189
3674
4403
7861
8549
8909
6339
2328
2626
8845
6534
5937
4314
5504
6567
3532
1415
4455
7630
3955
7434
9025
2568
9971
9146
1417
5699
7719
7322
2574
3515
5367
9711
5212
5344
9200
3570
4467
5069
4831
4223
6759
3343
1785
2635
8777
4068
5817
8123
9321
7382
4021
4856
9803
8667
4116
2775
3526
1823
4385
7346
9415
2417
4916
3420
6437
1745
1062
2853
4579
6392
2724
8700
9082
9001
8314
7562
6648
2570
1618
8308
9314
8334
1860
2128
2268
3587
8645
9963
9607
9161
7166
3872
7945
1212
7928
2848
3950
2768
5471
3428
8682
4239
5456
4540
3825
1684
1030
8036
5512
8135
1161
5401
3171
9120
7943
4493
1764
2941
4140
6158
7109
6668
8016
8078
4106
5101
3792
3664
7749
6386
6021
2594
1277
1271
5984
9758
7576
3574
3670
5679
1288
1655
3204
7668
8426
6946
6306
1071
4625
5886
4299
8715
5115
1795
9936
7485
7257
7405
2174
7073
6942
8001
2943
8249
1280
7458
4079
2667
6141
6548
2661
3339
5019
1274
3422
9424
6573
8616
7964
5939
6968
7331
2999
3798
9938
3400
8809
1326
9911
8526
6419
1100
7348
7807
9253
2140
8511
8737
6040
8567
4867
9661
3618
9619
2183
4244
4327
7795
9949
7806
5142
7274
6409
3389
8102
8087
3406
4573
6519
3915
8115
9121
1304
1357
9839
2702
5822
8481
9530
2065
6822
2988
8912
7606
5228
5284
6085
6326
3855
6192
6614
7588
7810
3494
1190
6918
7536
8378
4410
6591
2591
5402
4283
2780
2613
2673
2155
8214
9170
2257
7317
6649
9343
3591
3982
2000
2283
5645
4384
8309
5279
2348
6241
3510
1936
7429
5594
3253
2486
3499
8420
8375
6296
4863
3706
4394
9538
3995
2849
3383
5336
9072
7772
6790
4374
5796
1425
7339
9930
9764
5214
2727
5696
5517
8387
6754
9909
5037
5604
9631
9638
9410
6102
2445
6476
8494
2395
9132
4634
5720
4757
5446
7089
8164
1866
7862
1838
8476
1024
5762
6976
4501
7428
7329
6431
1044
5871
7842
3501
1515
6584
1603
9650
4487
4960
7141
5219
7561
7305
8729
7630
8998
2705
6349
5626
7917
5230
3917
7206
5400
4046
8831
3058
8374
9902
4217
7307
9122
9530
3190
3860
5818
7336
7610
9388
3776
5126
6506
6203
9019
2393
8481
6461
8345
6756
3305
2794
5696
6679
9047
1659
3772
1731
8104
6389
8708
5928
4644
7327
6387
6998
7726
6299
2831
4277
2474
7876
3244
8388
5011
8284
1730
1401
9141
5923
1060
7705
2262
2520
1605
5300
5906
2919
2743
6954
7612
2322
5052
5781
8039
8470
6371
4074
5627
5014
3461
6909
6464
1011
2448
2509
1360
5394
1612
6044
9162
7988
8121
2199
7866
6957
3148
8414
2610
9941
4267
7480
9026
2632
3331
1997
9032
5462
1881
7481
2632
2030
5482
4742
7547
6313
9546
7265
7517
3409
2826
6402
8190
7413
1472
1982
1765
3382
8590
6498
9161
1729
4830
4256
6632
7363
1985
1460
1536
4224
6735
7469
5503
7586
3581
2947
3560
1216
1514
3317
5638
9217
2751
3473
7262
9743
1438
9048
7153
9880
3195
2402
9416
4567
1528
1506
8597
2695
5775
5381
3596
9099
1938
6244
4213
9846
8254
2951
5357
6041
5572
1663
4118
2044
3816
6044
7804
1163
5937
2316
9882
9599
6358
5517
8867
8500
1590
9913
7371
2225
8162
1120
7877
8989
1555
1960
1313
5789
7723
8374
1035
4832
7672
2549
8382
6335
3546
9694
1325
5298
8441
2159
3434
6161
8321
3433
6985
2740
5633
2552
8654
9633
6553
3653
8805
2977
4620
8793
1822
1960
7157
6025
9475
3679
9719
9845
9360
6777
5173
1039
9746
1175
9270
4814
6556
9441
2214
8619
7117
5335
5884
8109
5019
7054
9928
8962
3594
9222
8478
9391
9342
6211
8089
7452
7562
8261
4804
9649
2143
8929
2851
4824
8305
2753
1270
6375
9147
9459
2867
6594
6800
5134
3863
5647
5782
4917
6387
1073
6757
7045
9986
8991
1660
8535
5766
4940
6357
3650
2596
9356
1916
1262
3395
3176
3927
6337
7439
8928
6395
7738
6051
9647
5941
8544
4062
3674
3804
9520
5311
7559
1943
4067
4871
5134
7092
1482
4914
2835
3630
1014
4097
5710
3820
5189
8451
6956
2684
1826
9861
8462
4234
8588
3118
1057
1582
3882
3303
8918
6038
6489
3991
9434
6566
1018
9507
2063
5905
3592
7364
3387
1333
6865
9405
2033
3160
8530
4070
6019
7445
7854
5152
2785
9198
5979
6623
8644
5634
6323
1146
9416
3318
2405
6875
2984
1107
4394
8563
7179
1826
3171
7461
3254
2794
2290
5813
7004
4192
5712
7551
6803
8069
5354
2979
3885
5028
3612
2930
9665
3188
3603
5828
2826
3688
9823
1426
6676
6622
6184
8422
8083
5092
9116
9183
1139
5148
5115
5751
3551
9502
1481
5925
7159
3049
8351
1754
1008
3418
8882
1672
2999
5869
1330
5010
3257
3321
8468
4451
2889
3027
2809
3489
4309
9380
8444
3938
7916
5393
5875
8105
7295
2123
2143
8779
4719
8490
7772
4278
3142
9966
3131
6623
4241
7448
9785
2494
1331
1208
4226
4920
2136
8633
6933
8023
4639
7817
4220
8598
2150
1572
1025
3579
4669
3122
8699
8639
2770
9119
4346
6408
5301
1669
5083
9994
9821
5980
3096
3535
4894
3887
8138
4216
4039
8258
6783
2930
5954
8262
7189
6359
7887
1285
8020
3050
3268
5262
8717
2172
7313
5487
7361
9143
1816
5659
8433
7392
3647
9066
7591
1191
5221
4047
3994
7803
3349
8492
7440
5046
4936
6408
1565
2134
5153
7211
4849
6937
1506
3297
4262
4197
1206
8339
3450
7152
6095
8280
7036
2154
9529
8629
8794
6797
9388
2257
3475
5602
1383
3577
1072
5487
3352
8923
1210
3865
4693
3015
7134
9159
9427
4000
4770
9338
3388
9100
3268
1905
6691
8753
5469
3555
5205
5971
3685
9788
2998
6208
6673
9888
6017
3086
6695
7729
1569
1519
4267
1498
8358
2568
5288
5524
8734
8767
5133
8025
3010
7724
7078
1101
9126
7536
6332
5902
1883
4770
2414
1886
1991
6806
3493
2259
2805
2243
8916
9151
7055
4691
4922
2564
4056
7382
7095
8163
3803
8447
1363
6389
3127
1147
6521
4806
5179
1569
6175
1318
8504
9736
5906
8766
2492
4980
2970
8965
7030
2342
3963
3359
7368
2454
1393
9167
8354
7648
7923
6309
2546
6664
8514
6033
2111
9641
8800
1410
1070
8890
1132
8058
4023
6816
5180
9751
1545
8012
4827
9614
7152
2868
7448
5782
3865
4987
4885
3550
1956
4722
7276
6439
9045
5736
6524
7609
2751
8030
3258
8056
5338
1801
8314
2028
9041
9160
7783
9897
6886
4833
1557
4029
6394
5667
9418
1085
9707
6793
7961
8924
9252
3389
1201
1954
8386
3922
9832
5625
4398
4442
3450
5935
6505
1237
5413
1845
3860
1104
5491
3288
4384
5871
5679
5575
5734
1518
8946
5113
4605
4166
4516
5085
3658
2605
4138
5348
3780
1150
8301
9351
8321
3919
6576
6241
6336
5606
8168
2594
4263
6615
1599
8213
7968
6177
5553
6209
7817
8495
7321
6579
6456
7136
3150
9233
6569
6817
8464
4481
5984
1068
9351
3492
9823
3588
8083
5629
4119
7018
8933
6400
6873
9119
8684
3561
6471
4726
1629
5649
3560
8394
1030
7866
7083
5398
9827
9255
1558
9746
4444
8147
6103
6111
5321
6718
4552
5961
4575
3358
7193
3261
6937
4248
2520
7553
8088
7133
7467
6750
3368
1086
2524
8846
7310
4539
9475
6822
3064
5430
6812
4361
8905
2441
3082
9316
6051
2093
3969
5063
1933
2218
2550
9884
5690
4837
4121
1938
3820
6478
7518
2695
5805
8147
9778
1834
6292
9652
4125
4733
9255
3819
8409
8635
7266
6707
2442
8590
1640
1892
4921
2491
9956
8894
4419
8076
6398
7942
8098
7645
4952
3430
3522
4780
7721
5259
9933
5541
6980
4596
3339
5838
4484
8517
5459
1869
1189
7257
9721
9151
3356
6790
9550
6562
7056
4356
4842
9475
2020
8742
1450
1457
5550
1973
1544
5439
9935
5215
9478
3588
1933
6200
8466
2899
4978
6123
1530
3814
8490
2826
1256
7455
1804
1548
7109
7442
6365
6214
1381
3895
8642
3255
3410
1883
4979
5187
2819
5035
6348
6453
3093
9165
6020
5864
1622
9138
2333
9248
7866
4917
9643
9812
7526
3875
9889
1640
6719
5013
5074
7543
9305
4138
2782
3780
8682
1482
3038
2858
9449
1307
7320
1784
2277
4197
3614
5089
4658
9422
7435
3495
1356
7768
1544
6557
7402
9009
6164
7828
3028
3487
6199
2461
4868
8991
2556
8271
9200
4511
3514
7602
9834
2252
5117
6570
1718
4575
5358
1850
6842
5996
3693
8466
8690
3366
1222
5902
2591
9152
6823
2481
9316
2831
9141
9416
1555
4482
2877
1933
6463
6862
1392
3751
9637
3874
7903
2483
3658
5322
8086
2581
2770
1043
2841
5621
4027
5496
9141
5240
4587
1141
2800
7785
7108
3183
6830
7836
1239
7847
8666
6579
9538
5717
4186
8932
6056
7737
3297
9777
6101
6446
7554
6036
1366
8439
9395
2520
3234
4752
2115
4546
4378
6163
1983
4372
4031
3000
3273
2487
2749
5430
7874
5786
6229
6832
5067
7497
5965
9230
4342
2426
1348
9387
2753
6327
3942
6764
7453
8605
4149
9518
5450
2821
7046
7871
2874
7448
8274
6540
4769
1894
7364
2350
4872
3123
9618
3000
5310
5873
5324
4159
5393
5080
4158
4263
5937
2218
2705
5947
8589
4864
1880
2507
4404
1738
1912
4958
9789
1299
9136
3810
8682
3559
5728
5374
2355
9964
3831
5643
1723
1588
3899
4049
4464
7525
7200
2948
9520
4897
8642
8416
7817
7736
2744
9751
9276
8116
5370
3792
9913
8675
7337
2931
7493
5640
7410
3159
3314
7819
7503
6746
5741
8596
9415
5603
4372
5063
8089
3712
9167
6999
4031
2815
9561
2991
9712
7433
6377
2746
2785
2990
9549
1222
9529
1902
9398
4424
8078
9020
4507
4663
5531
1952
4686
2434
9257
8149
6728
7051
1791
1591
5164
6446
4145
8927
3133
5047
4076
3239
8472
4156
8071
4836
4797
4667
5341
6641
7583
1709
7984
7971
8772
3189
4915
3748
8213
8012
3288
9650
7790
3286
9074
6362
7837
7954
8358
1620
1121
4970
7766
6142
7495
6336
6507
6757
4900
4640
5182
2069
6859
3228
9743
9550
3196
6551
5224
4377
7944
2797
9932
2350
5335
8782
1159
1470
2257
3044
3580
3103
3782
7325
7284
8749
1345
7892
6965
1087
3607
5923
1758
6035
3165
5653
2725
2480
1210
3301
5753
6844
7894
1853
2740
7719
5275
1431
7369
7762
3828
8520
2545
9391
1111
5459
9045
9765
4169
7416
9140
1462
2811
8662
7504
9132
5428
6559
6496
4062
9289
6161
2383
1318
3705
8585
7831
1422
1012
9792
4905
6316
3055
7939
1094
5389
5620
9363
2479
4558
9329
4987
3478
9680
8045
4287
1357
7920
9645
3691
7953
5940
5008
5640
3720
6856
6314
5517
6569
1986
7236
9757
9631
9260
9141
2815
7737
3228
8870
4572
5188
2816
5122
2294
3392
3029
3921
7923
1509
4932
8412
7693
3034
3035
5814
4521
1393
6169
7331
6868
7427
4967
5688
6300
1626
1625
5787
3090
4614
2849
3932
5156
7951
2850
3824
7273
1619
7416
3829
2410
4386
5156
1519
4911
5820
3006
7963
5365
2889
1493
3346
6523
7682
3510
4158
8779
8121
4226
1282
8577
6148
7859
5360
4635
3531
2307
1598
1994
8253
7436
2891
3511
8180
1039
2756
3348
2212
7164
6091
7906
8153
8563
5291
6934
1556
5553
6086
7328
4734
2084
2405
6250
8015
4020
2910
7527
7759
7974
6787
6557
7450
1719
9682
4336
7951
5419
6962
5786
8570
5238
3018
9381
8358
4199
5917
2764
8496
6299
4376
9335
2372
9521
6882
2866
8982
5540
9188
9912
4365
8121
7224
2240
7035
5421
2891
7861
7585
5625
5370
8693
8951
5764
2899
2605
3214
2655
7489
9371
2850
8818
2738
8994
5854
5320
7716
7325
5637
4703
4965
2948
9820
2480
9428
8260
8615
4544
6748
1864
3210
7873
4859
7997
2102
5091
5847
1880
3031
1961
6310
4815
8061
5487
1171
2593
8016
3806
1109
1994
1734
2838
6388
1774
3748
7888
2708
4187
4673
6551
1857
7637
4191
4853
6061
5226
9663
3012
9369
5940
5129
1289
6290
6603
6389
3646
5253
5448
9944
3119
5944
8771
1368
4000
6215
2544
5198
6713
6383
9852
9058
6748
3945
6610
1377
4623
4628
3993
8156
1140
5341
4607
2762
5820
3599
9593
3246
5207
4793
4778
7986
2689
1411
3329
4542
9970
2303
7858
6898
8117
6611
8208
8701
8763
9996
6691
4229
5275
3320
8231
3402
2826
9563
8591
5473
5740
1108
9778
6061
5890
6489
2529
3635
4434
3762
8695
4410
8536
8645
5228
5475
6941
7305
7162
1322
5716
2012
6644
1174
9994
9429
2806
3983
2923
1761
7370
4462
1008
1673
6080
9612
7249
2206
6860
5430
6748
8525
3680
8569
9460
3933
5463
5215
7217
7398
1420
5909
4617
7231
1285
8176
5675
9496
1003
2408
5404
3028
3125
5525
8237
9114
2923
6970
5638
7271
7106
2002
1816
2071
6393
4854
4251
4205
8980
6813
4057
2834
8526
2807
7973
3246
9767
7373
5311
8539
1155
1378
9636
9447
9049
3598
6047
2065
8276
1172
6704
8406
6843
5094
8159
8066
5413
1794
6119
3707
3016
5133
9081
3036
8930
8835
3644
4198
7686
2303
1160
3798
7092
3857
7505
2534
8520
2158
8073
9715
4724
6979
9401
4607
3327
8211
6330
7434
7153
2273
3658
3483
9751
5311
5599
5509
5573
6830
8494
1697
5318
6197
6222
8050
2866
3700
6220
3857
9587
2174
3684
8496
7044
9148
5363
3160
7403
4230
3781
2713
8711
8113
4298
5305
9392
8902
2255
6757
1199
6751
4757
5478
6046
6158
4048
6238
6846
5040
4905
6947
8323
6267
6905
3414
2784
2269
7045
8366
5627
7334
7947
9376
5230
5885
1535
6123
3067
8103
7953
8092
7068
9583
7319
3251
4529
5013
8496
1851
5796
4446
9551
2725
9825
3157
3622
2095
7734
2604
4580
5066
3515
7767
1746
8021
8451
3560
8906
4827
6379
4073
6063
3295
3733
6812
8173
1354
8574
8294
8810
4544
5077
1945
3476
7476
3454
4604
6926
5059
7855
1543
6479
9870
7534
7926
3809
3171
5951
7874
3764
2017
3003
1456
2890
2611
2416
4666
4361
2118
2596
4429
3805
8337
4937
9841
7823
8466
2764
8305
1306
5896
3053
2300
5166
9549
9733
7783
7463
5035
9036
9736
1323
5480
6725
8851
4026
9406
4620
3851
3638
7053
6345
2908
2210
3298
4496
2956
6110
4706
9062
3225
7143
9244
9307
5068
2879
8208
6992
1681
3829
4897
3438
2731
5275
9464
4260
1642
6820
7269
9292
7638
6654
7119
1552
1381
2167
8790
6500
8798
5691
8540
2570
2680
5347
5898
2963
4496
3825
2758
8170
4047
1149
1590
1159
1594
5586
2234
8534
4692
8500
4670
7835
4626
8405
2339
7981
5165
3627
7043
1357
7959
7841
5161
3856
5477
9638
9217
9271
1352
3980
3706
7933
6799
9614
7839
4470
6938
5990
6608
6148
9215
1879
6001
1116
9290
2031
2262
4938
4840
7930
5223
6544
1584
8401
6177
8794
7835
2190
5938
8480
3565
2319
3494
1228
8171
2708
2882
1607
8084
3942
2326
8536
8571
2090
6810
6047
7824
8093
4977
3293
9692
6439
3014
1888
7686
9375
4792
6671
4007
2332
1383
5192
5200
7596
4586
9945
5488
7747
3304
9480
9548
4980
1989
2305
6571
8941
4366
4684
8536
7320
8464
6086
2848
1045
7450
4899
2830
3488
5429
8682
4870
9272
5467
1309
4122
3926
1801
6846
1560
8745
1566
6915
5378
3077
5649
8441
5750
9925
7552
9738
9738
2737
6243
8600
2993
5199
8555
8643
2882
4984
2079
5519
3261
6916
6513
5979
6743
1467
4393
9328
9995
3224
9144
5708
1929
7373
1619
1847
5485
5942
1127
4595
3145
2014
4747
2165
5047
9028
1813
2237
7855
3859
6780
6907
1976
7472
6258
1724
6260
4899
4727
3535
7597
2053
9488
5249
8209
2677
6792
3826
8599
6957
7885
4657
7405
4063
2573
1592
7616
4470
8397
4276
7819
9195
9289
7701
7681
9237
3631
7862
5278
8345
1473
8568
1040
7443
5398
1739
2456
5965
4585
7062
3298
6867
3141
4098
7854
7620
2073
7909
4264
7014
1340
4540
5121
1884
9541
2612
6299
8109
1955
8260
8872
6785
3384
8992
1696
1331
7784
9469
3669
9217
3359
7332
1906
4936
1487
7764
9913
8731
5685
1892
8243
3418
5073
9905
9845
8730
5446
1620
5858
3304
6266
5267
6643
4836
4999
1120
8236
6862
6696
7926
7022
2449
9741
4433
4653
7583
7493
5254
4523
9282
8578
3577
5949
2032
9959
1910
1349
8625
9267
9252
8715
9151
7291
1139
7722
3528
9205
2725
9865
3466
8422
9266
5772
5651
1237
1294
5067
5267
6143
6090
6534
2810
7712
5052
2348
5256
8858
1091
4061
9087
4281
2224
6268
1795
9040
8046
9622
4449
7775
6842
9732
9474
2500
9797
1681
6859
6356
3782
1231
9371
5944
3117
4624
5461
3494
1353
7609
1517
9355
6994
9368
6725
1500
2658
6233
5008
6150
5131
7881
7672
2209
7349
5090
8205
1252
5219
3930
7190
7047
1067
9311
8201
7375
6327
5943
2773
9372
9072
4122
7220
1362
6978
3248
6831
6173
8701
6051
4986
1857
6084
1556
7367
7017
2396
2980
2524
2069
4730
6942
8483
2225
8000
8135
5954
5116
6360
6504
9698
9340
1388
6544
2749
1938
1604
1256
3512
9298
8863
3859
2855
9820
8763
4186
7886
6247
2325
4170
9755
1647
4585
4688
7323
7181
4073
2359
5771
8151
3165
8946
1955
8296
2277
9509
9968
4272
2972
5159
5804
8068
4335
4221
9616
7000
7132
8413
1602
2307
1083
2059
7560
3547
8169
6925
4147
4614
1932
1327
5854
8030
8341
9401
7087
1700
1528
7486
6800
4630
7483
5075
3564
9099
3461
4237
2870
8930
9828
1601
3865
9431
9741
7879
3969
4495
1213
8320
3538
9049
1508
6695
1913
8894
9311
5026
9020
7490
3054
9710
7588
3317
9021
7570
5894
1260
6120
7298
5955
6608
8677
6104
3531
5859
1916
6812
1987
4200
9593
5934
5374
1903
1112
1734
6090
1296
7735
8179
8587
7080
6891
6493
6430
7031
5557
8776
4434
6869
2227
5785
2421
1130
5921
9234
1571
7712
2289
8500
3542
8663
5281
5281
9586
6840
9986
2278
7425
4537
1987
4640
5291
6546
7422
1252
9995
7300
4230
8010
6991
9107
2829
4736
6288
6873
6177
6865
8229
3625
2649
1433
9677
5263
3919
9088
2552
9812
6229
6319
3583
7052
6910
6621
3749
3572
9694
1731
3868
7417
9879
4689
3966
3747
1751
3695
6176
8002
2706
7667
1169
3397
5621
9495
5293
3541
6276
7389
4235
1744
9917
6881
5491
6398
8107
3664
2783
1178
6116
5225
4287
3626
4047
3535
9623
8084
7070
6814
6536
7751
4603
9503
6054
4653
2456
5961
5719
3043
5570
8636
9408
8457
1893
4536
9919
3009
4849
6349
1201
3811
7961
1232
9406
2231
4130
9218
3173
1562
2605
6495
7521
1907
6345
5169
7598
7701
8201
9753
2736
9752
1660
5724
3819
9357
3964
1630
3111
2253
7784
9230
1730
8296
6412
4684
2267
6752
4701
6284
4986
6657
7576
3034
5842
6884
2680
7816
2629
5602
7861
7671
3285
4246
8234
9259
1503
4793
1460
9724
7465
9095
6339
6832
4196
8263
2533
7349
5376
2927
9069
4596
6014
4492
7440
8099
3064
6782
3774
1689
5580
6972
1607
5867
1558
1987
5107
2644
2284
7706
5609
4770
2470
4679
7784
4402
2743
4887
5084
5166
8634
7861
1325
4435
5269
5141
7258
4252
3354
1124
6768
7751
6738
1091
8930
7421
3865
8950
4223
8280
2130
6084
7657
3668
5419
8437
1200
1455
2235
7537
6617
5516
5837
4016
2762
7900
1853
9652
1677
4836
8327
1644
8621
6641
6936
5224
7339
9287
6658
8460
7517
2081
5320
6085
9232
2093
9264
2782
2211
6006
6535
3586
1013
8121
8356
8708
5912
1532
2289
6678
5093
7219
1996
4514
7895
7447
8328
5566
8550
2923
3742
5046
8219
5516
7087
7894
7501
3831
8608
4054
7222
5162
2107
2078
8979
3028
6481
5099
5307
5338
5985
4751
3814
1557
7413
3490
3070
5601
3889
7519
3953
5915
4417
9654
4277
9387
7913
5823
1842
2073
7506
3195
4503
3009
5532
2466
1372
5055
5400
2671
9537
7098
4605
1326
1366
1780
6980
8713
3244
5096
1049
5374
7855
4241
4729
5165
2048
6492
7979
5535
1730
1378
2888
4431
9516
1748
4024
2465
4591
5002
7494
9678
7323
5509
8230
8828
5874
7214
7912
2028
7906
8233
8026
8896
3095
1790
8438
3708
6563
6683
4808
8518
1648
4973
6870
6580
2336
1022
6593
3249
9062
8052
5197
7289
7541
1268
4676
3791
8313
7257
7353
2664
7470
6573
3091
1666
7342
2682
9227
5792
9941
6530
7935
1274
6644
7284
2171
5821
8303
4470
3150
5692
3882
7608
1184
4291
5446
3881
2006
8276
3630
4716
8291
8621
8542
6191
9112
6155
7704
2105
7327
8797
8764
5783
5328
3009
7427
1007
5746
7774
1948
6964
1219
5106
5565
2512
5812
3034
3301
8529
8651
4295
9392
5337
4280
6518
7226
7481
9984
7057
2236
2525
7843
5005
6962
7114
1650
4150
9226
4338
8067
3667
4476
8074
3428
9044
6649
6286
1777
4134
6452
5562
2568
3506
4669
7496
7530
5280
6393
8713
3809
3773
3045
7707
4261
9012
5831
6193
8167
3814
7981
7192
9110
8567
7073
3797
6839
3316
1253
9033
7918
3152
4647
3207
9145
5350
5153
4032
7923
1849
5580
6916
7871
8356
2668
3313
3435
8859
1453
9151
8409
6627
1538
3130
7557
2830
9298
2143
4956
6681
4705
8887
3156
2851
6215
2886
9444
3558
5909
2084
8842
4717
8942
2159
8052
3868
2476
2673
5178
2898
2198
2091
2066
2365
4148
6950
5194
6644
9067
3347
6971
5211
8498
1866
4936
3154
2668
8506
2892
5275
3449
9338
5410
8023
8161
9926
2460
7603
1904
3990
7884
9040
7026
1418
9987
9250
6680
3811
2836
4935
5631
9127
8528
4172
7956
8214
9952
9145
8812
3662
9304
5017
4112
3157
3241
3821
8181
4913
6402
5976
8591
7337
6843
7928
6359
9546
7898
6793
9671
9954
6157
9590
9056
2250
6187
6785
1662
8882
7010
4069
7380
6144
3728
5174
3554
6877
9340
5115
4231
9139
2023
8855
5762
5214
1948
6403
1076
9859
4658
5913
9767
1517
9022
6083
2047
1064
3639
4871
9909
3661
5218
6278
1166
1751
5440
1051
9779
6887
9410
6406
4233
4416
4754
6642
7314
5627
2546
8149
6183
9646
7216
1223
3767
3930
7200
6395
1736
6086
8079
5664
5890
1152
3081
9289
5895
3607
4821
9332
2093
5379
9142
7013
2965
6613
3998
2024
1217
7584
7496
8454
7001
5001
6254
1173
2358
3439
9820
8979
9320
1721
7862
7048
4323
6063
9941
4792
8766
7646
8579
9234
8016
1937
1293
4861
7308
1189
7103
5328
9443
9443
6935
3643
8929
3752
8302
2293
9605
5785
4435
5016
8379
7865
6670
6800
8921
3669
5699
3211
2709
3491
2344
5265
6715
5885
7280
5077
5671
8888
9143
9586
7395
8932
7173
6557
6302
7914
2796
7785
5792
5854
9397
9477
2214
4131
1970
7287
1410
2470
4776
1863
2013
4496
8297
9998
8812
4429
1860
5534
5606
6083
9183
1201
1770
1074
3103
6155
7161
6661
3248
6124
8939
7849
1130
9867
9337
7295
9390
6029
8498
4556
2129
4293
4850
3453
3122
5003
3528
5214
9681
8066
1318
9871
3776
3212
8616
2637
8494
5519
5601
5329
6766
4104
5445
1613
5322
8171
2942
4037
5051
7488
3324
2253
4421
8102
8750
4696
6857
7708
1805
1449
6199
1267
1161
7460
8122
6554
8106
5636
5825
7164
9872
7018
3936
9248
4297
8194
4030
8448
2758
7814
3017
9359
2200
5841
7023
8192
3334
4543
9080
1260
1243
9850
9226
5118
4467
2450
5140
8713
4294
5876
4545
5774
7085
3753
4353
9224
7010
1686
5902
1043
7476
5049
9416
3191
5537
5876
7082
6238
1600
3457
8598
2808
6815
2512
9999
8469
9391
8794
9931
2255
1036
8265
3538
2524
4818
6976
7262
4323
6299
2006
8035
4182
1460
6191
7403
4971
7458
3108
1353
6199
5614
2732
7122
2346
3674
3840
5234
6770
3390
4445
3838
2736
8275
5007
4965
8111
9657
5481
1020
5430
6531
9653
3966
2352
5440
1784
3216
2629
9602
7776
4684
6176
2850
6344
3142
4391
5223
1089
6715
6680
4357
4714
9443
9054
1082
8519
5222
2901
2434
8864
2559
1405
1708
2143
8975
4456
3872
3857
9174
7636
9538
8329
1175
7583
4892
9888
5378
3795
1178
3267
4241
9327
1218
8254
1069
5648
9106
8173
7099
2946
2358
3924
1314
9649
5813
3416
9197
4355
5598
7658
7212
5244
2681
6606
8666
9592
8396
5846
4279
9999
2662
8545
3402
7368
1901
3462
4967
5963
1779
4476
1334
4818
6261
7217
5586
3325
4525
8054
3365
8843
4420
7268
6113
5622
8789
5917
1051
2361
7181
2979
5205
6480
1238
7026
3176
7249
9660
4978
1672
4220
7823
6230
8083
5073
5871
6375
3798
9167
8431
5216
9572
6831
7087
5744
4059
1877
8179
6716
9530
3384
2417
3764
8019
3639
6694
5606
2283
6664
5978
9484
6916
3733
9104
7239
2453
7394
7784
1901
5332
9293
8262
6462
8830
6946
6634
9595
4219
2261
7342
3328
4209
3712
4529
6420
9666
1348
5098
2012
4815
6921
4570
1108
5565
3018
8908
6190
7946
2970
5424
4675
8026
1922
5424
7070
2485
9214
7686
3629
2380
1248
3810
2088
1764
6978
9249
2710
1798
9254
3197
7415
3808
1419
8229
4529
2143
4093
2926
9544
7868
5511
8147
1370
6009
1423
2111
1906
4513
9871
6091
5483
8061
4874
1392
1309
5646
3245
3930
9203
5359
7872
5525
5291
2488
1053
7468
8128
3325
7910
5908
7125
5992
4554
1986
7270
3182
4411
6160
8411
4238
1419
7655
4768
6831
2793
6238
7619
9843
3629
6866
1398
6605
7782
2941
4414
2969
3976
5516
6006
7273
2991
8975
7694
7847
7805
8782
2404
4198
7362
3082
9046
9985
9421
9808
7678
8239
3608
2731
8206
7061
5163
6495
5044
6136
8894
7393
7774
7635
3817
3021
4004
8000
1254
6601
4190
9891
8816
6508
6311
2725
3404
6569
1917
7394
9446
9802
9674
6316
5865
8755
9033
6598
9009
9848
4111
1446
1959
3234
2892
7952
6401
6128
6235
8344
2366
8169
7258
7702
4689
8538
8091
2413
3265
6692
1979
7480
6996
9238
5455
6860
7275
2532
9648
7623
4523
8039
8032
4351
6036
8250
7139
4007
4892
6243
7633
3296
1227
4035
8455
5273
1043
4363
7222
5617
5525
8419
2996
4493
3797
9320
2665
5459
3430
9959
6501
3274
6894
2219
1004
8602
1588
5034
5564
7158
1139
5715
8411
5367
5087
2648
7063
5517
5042
9501
3241
7510
3254
6767
9879
8010
1614
8390
5384
1006
2150
5900
3306
9936
9474
9982
9548
6663
7706
5467
8291
4313
9206
1862
9081
7930
8749
6043
5486
7977
7206
5741
8266
1086
1841
7962
3717
3279
9045
6876
4842
3034
6382
6339
7080
1728
4486
5333
6781
9995
6071
7178
8400
9714
5510
7015
9194
7926
2687
3210
6080
8530
1859
9769
4455
1055
1086
8643
2343
7051
4840
7200
3079
3920
3313
2400
3669
8610
2942
7588
8262
4402
1346
1079
7270
6915
3351
1339
2132
8109
4448
1831
2683
1021
1280
8827
8223
3210
3897
3408
2575
2319
3475
7494
5045
7901
5076
2065
9453
7530
7331
1137
2659
9765
4693
6536
3358
6181
1071
9937
9744
1339
6195
4981
5720
8629
2629
9066
6240
7152
5330
6954
2525
6797
6105
2667
3519
2580
5691
1929
6343
8310
9860
8360
6560
5871
1245
5685
4532
7638
1766
8118
1578
3204
1000
5151
2749
1940
8119
8694
2595
3040
7989
9828
3093
7536
2219
3904
6876
3254
5221
6792
9847
8140
5955
9086
4405
1291
6648
1600
3773
3619
6629
4732
7577
6559
8632
4783
7111
5459
4972
4518
8987
7326
9649
2399
5038
4430
8080
9556
2446
7712
5560
9273
7129
5396
3424
9470
6400
9246
8138
4379
4009
4897
3794
2561
2725
8329
4710
6156
5931
3096
6341
7406
7074
4535
5802
7921
5205
2295
5455
8517
5675
5498
2074
4727
1758
4137
3224
4108
2522
9078
1445
5684
4180
5303
5913
8883
7073
7177
2427
7663
5055
4934
4655
2750
7801
1684
7714
3737
4327
4359
7933
7850
3414
2552
2954
4042
7523
8146
4837
2075
1322
8595
2845
9165
7037
1033
1739
4761
8013
4550
8158
9235
5930
5021
6495
9985
7550
2157
6151
7722
7575
6382
6393
1376
2708
1677
2582
6473
3962
1807
1078
3938
8977
1448
3610
6106
1021
9987
9206
1890
4998
6014
2688
5926
4767
2859
9846
6298
2338
2462
2670
1094
5760
8002
1130
8382
6297
5728
1878
5965
9313
6310
7181
8845
3341
6677
9543
4358
8653
3000
5168
7444
3077
3340
3209
1926
2335
4301
4137
1445
6549
1899
6407
9821
4078
1390
3333
9798
9592
1836
2906
7550
7433
3448
6439
1509
2304
5016
9995
6437
5076
6105
2014
1746
1802
6981
6231
2640
9585
3125
5618
6847
7132
4672
8356
7399
5250
6236
3874
3326
3716
8630
5077
1987
6327
6000
7634
7531
6547
8844
6706
4130
3834
7580
6215
5998
2266
7826
4133
7351
7887
1511
3681
3737
8459
5534
1193
6824
8812
4324
6980
1738
2032
2436
2480
4966
9841
2486
5032
8389
7903
6645
5507
9831
7416
4514
4461
9727
4547
9758
6802
8726
2727
9428
9855
3934
8515
7392
1270
8194
2853
3118
6763
9466
7654
6070
5120
2092
7776
3231
7648
4088
5590
7915
5719
1708
9882
5129
8241
7596
1191
2351
7755
4663
9544
5423
4152
4307
9341
4608
9108
4180
4664
7052
7527
5192
4314
6864
5733
8984
1478
3844
9928
7510
6141
8002
3088
2937
4439
5233
6645
8570
6071
6646
8201
4903
8852
4389
2408
7315
9149
2939
5863
1444
6299
2262
2761
5318
2574
4275
4294
5716
2374
1195
7131
4983
3266
5538
2002
5921
4327
8878
3115
8390
3242
7384
7812
3674
5048
9128
3367
7251
1383
2164
1287
3688
3686
8671
6016
8526
4161
8141
6245
8636
7958
5405
8702
6599
7136
2246
5534
9306
7444
4325
3581
1158
7323
9606
8386
6498
5454
9914
7466
6135
2059
4343
6463
1653
5014
4276
4838
5823
9865
4752
8028
4849
4074
3985
1333
4201
5795
1916
3049
6175
5288
4221
9976
7901
4410
4453
2063
8087
7804
2503
7965
2822
7873
3023
6840
8868
1635
3383
6241
8834
9065
5274
9044
5563
2048
6743
3503
4435
2822
6269
5932
3415
8345
4590
9161
6156
1247
2764
6897
7383
4186
3308
2946
8688
4831
5789
6706
4775
7944
1869
2934
8509
3194
3884
8908
9651
7212
7970
3258
4769
1210
8947
2890
1541
7304
1125
3665
8610
3689
2951
1353
8569
1535
9078
7202
5125
9673
6063
4988
1636
7904
7499
7373
1714
2859
9145
2283
8756
1837
8895
4348
7776
8338
1941
1164
2332
5617
2928
5687
1516
3153
2038
3420
2884
1843
1615
2839
5454
8329
3078
3302
8635
5755
5143
8025
6554
7963
3063
3227
8298
1510
2927
5172
7114
6575
4880
3543
5605
2000
4872
1616
6121
6966
4104
2383
7196
6028
1747
7569
2549
7217
4629
8211
3244
9398
7968
8466
1132
9269
2890
4253
3062
7187
4856
9079
1741
5115
6777
8413
2515
5118
1315
7352
8758
5308
2561
1747
4528
2706
4202
8939
8784
3605
9867
8731
7331
1436
8151
2613
9584
8325
8764
5593
9959
1520
3597
6558
3286
7576
7647
7968
2909
8482
2877
2674
7651
1125
6484
6886
6833
9624
2119
5989
4810
4221
8063
5086
1801
5977
9520
2210
2536
8695
4605
8777
3478
6659
9906
6801
7867
3070
9312
9630
5052
8921
8548
4133
4827
6842
8436
8176
2967
9863
1650
5569
2491
8043
7988
3523
8249
4465
2838
6137
1662
5923
8363
3842
3747
2794
1172
4787
1401
4222
6155
4123
1667
4812
2924
6172
4718
5617
2238
5942
6992
5728
8121
9749
5966
8194
5357
6329
2673
9225
9384
9553
6784
9709
3095
5579
2467
7356
8431
8088
8143
2941
3890
5084
6605
4216
2245
8795
1174
1529
5365
1330
3151
5404
9803
5979
8667
5080
2169
3383
6314
4816
3038
1688
1674
5929
1968
6826
7731
2683
2569
3303
8113
1282
7520
4606
9540
9968
3461
7934
2106
4835
2649
6190
8588
8469
2951
4146
4395
7838
7119
6808
4456
8704
4086
1044
3693
3955
4194
5985
9744
8178
4168
1369
9869
1364
3904
4967
1173
2156
3768
1081
8284
3879
7834
4610
8107
1499
6491
9272
4289
5406
2987
6928
4549
4065
2915
9398
9853
7982
8503
7425
1950
2585
1778
6344
9352
9453
5675
7513
7929
3607
8345
3714
1556
6526
4834
2763
6912
1401
3314
1070
5368
7661
9727
9997
2844
3474
2759
5019
2054
8515
8362
8967
9331
8306
4083
1990
7362
6756
3973
6671
1592
2461
4972
9635
3104
9052
9861
3913
2338
8459
8960
7074
5063
6313
5951
3066
6273
5807
6508
5429
8355
1374
2226
5192
6586
5677
2093
4785
8037
7036
9600
4503
2668
5585
4851
8214
2605
9589
6444
1219
4620
1033
6557
9210
7037
6423
9768
8851
9444
6304
4268
5178
5780
1566
8553
6551
4234
2395
1253
6072
1831
6971
7109
2905
8776
2672
3069
7966
9707
7882
2995
3447
4797
6940
1856
6152
5799
4324
7784
9620
5625
7736
6888
5955
6803
2825
9619
6121
4810
5103
7816
7169
5105
5803
3118
6507
2829
3908
8095
5531
6468
7820
5480
5620
7656
9783
7188
6117
9870
2482
8391
1434
7852
7175
1715
1433
6875
9350
4964
2744
5162
5656
5905
7082
4090
6665
1460
8772
8787
2895
6990
8653
5592
3060
4268
9457
8927
2684
5458
6504
9337
1944
7714
2438
1804
7292
2431
8657
9643
9601
4552
1868
5700
7735
3027
4591
2815
5823
9354
8354
9988
5408
8539
4566
3698
2509
7319
2584
9102
1496
5088
3463
8982
6270
1920
4872
5853
8451
2824
8596
5026
7469
8500
9569
8930
5230
7958
5144
7071
9966
4413
5470
5249
4464
7458
7582
7409
4501
6620
7225
9056
6637
4149
7391
8321
4608
2294
5488
7624
9479
6741
1437
1565
6595
7753
9558
1251
5164
6805
4809
5394
1900
3177
4336
4227
8947
2454
9616
2337
6788
5064
1034
9438
1180
8860
8610
4925
5837
4044
9991
1864
8678
1545
7227
9173
2488
6670
8315
4571
9039
2192
5601
7065
6878
9893
8649
1077
6505
3071
4472
6794
5890
2645
9992
1240
8556
2892
3859
8434
9974
7979
5993
3885
2235
5424
8825
6095
5874
1639
4311
1503
5931
7819
6158
6274
1184
4345
8084
7249
6484
5061
2211
1514
9855
4892
1242
6700
8642
3014
1475
9283
3388
9991
3437
2032
9557
1399
3029
8521
9920
6397
9231
5419
8132
7119
8894
5198
8276
5523
2098
1029
9796
4025
6429
4139
1239
3063
4707
6873
4266
9720
4378
4982
7400
6649
4581
6618
5292
5022
8721
8097
1778
8881
5260
2163
7060
1065
2626
8262
5205
8312
6283
7761
7066
8843
9092
5551
5822
1994
4065
8007
2303
8393
3075
9861
6930
3135
8254
9264
8421
7670
2026
8680
9759
1913
1377
6675
9917
3136
1527
2499
8906
2380
8155
3024
2110
6818
6247
6912
6889
9505
3110
2214
9886
8238
6786
7664
3108
7320
7049
6798
9600
6178
2239
2225
2438
4360
2013
3027
7687
8696
8036
1594
3621
4655
9404
8030
4152
7463
5010
3759
6573
5576
7186
2958
3572
8141
5820
4065
2211
9058
8291
6515
2168
2648
9846
8380
1685
9422
3798
1175
6046
5624
7309
5113
8597
9941
7960
9738
8058
