1000
1000
1000
1002
1003
1004
1004
1005
1006
1006
1007
1008
1008
1008
1009
1009
1010
1011
1012
1013
1013
1014
1015
1016
1017
1017
1018
1019
1020
1021
1021
1021
1022
1024
1025
1026
1026
1029
1030
1030
1030
1031
1032
1033
1033
1033
1033
1034
1034
1035
1036
1037
1038
1038
1039
1039
1040
1040
1040
1041
1041
1042
1043
1043
1043
1043
1043
1043
1044
1044
1044
1045
1045
1046
1049
1051
1051
1052
1052
1053
1053
1055
1056
1057
1057
1058
1059
1060
1061
1062
1062
1063
1064
1065
1067
1067
1068
1068
1069
1069
1069
1069
1070
1070
1071
1071
1072
1072
1073
1073
1074
1075
1076
1077
1078
1078
1079
1079
1081
1082
1083
1083
1083
1083
1085
1086
1086
1086
1087
1088
1088
1089
1090
1091
1091
1091
1092
1094
1094
1094
1094
1094
1095
1098
1100
1101
1102
1103
1103
1103
1104
1104
1105
1107
1107
1108
1108
1108
1109
1110
1111
1112
1112
1112
1113
1114
1115
1116
1116
1117
1117
1118
1119
1119
1120
1120
1121
1121
1123
1123
1124
1125
1125
1125
1125
1125
1126
1127
1129
1130
1130
1130
1130
1132
1132
1133
1135
1137
1139
1139
1139
1139
1139
1140
1140
1140
1141
1141
1142
1146
1146
1147
1147
1147
1149
1150
1150
1150
1151
1152
1153
1154
1154
1155
1155
1155
1156
1156
1157
1158
1159
1159
1159
1160
1160
1161
1161
1161
1163
1163
1164
1164
1166
1168
1168
1168
1169
1169
1171
1171
1171
1171
1171
1172
1172
1172
1173
1173
1173
1174
1174
1175
1175
1175
1175
1176
1177
1177
1178
1178
1178
1178
1178
1179
1179
1180
1182
1183
1184
1184
1184
1185
1185
1186
1188
1188
1188
1189
1189
1189
1190
1191
1191
1191
1191
1193
1193
1193
1194
1194
1195
1195
1195
1197
1198
1199
1200
1200
1201
1201
1201
1201
1203
1203
1205
1206
1206
1208
1209
1210
1210
1210
1212
1212
1212
1212
1213
1213
1213
1214
1216
1217
1217
1217
1218
1218
1219
1219
1219
1220
1221
1221
1221
1222
1222
1223
1223
1224
1225
1225
1225
1226
1227
1227
1227
1227
1227
1228
1228
1228
1230
1231
1231
1231
1232
1233
1233
1234
1234
1236
1237
1237
1238
1238
1239
1239
1239
1240
1240
1241
1242
1242
1242
1243
1245
1245
1245
1247
1247
1248
1250
1251
1251
1252
1252
1252
1252
1252
1253
1253
1254
1255
1255
1256
1256
1257
1258
1258
1258
1258
1259
1260
1260
1262
1262
1262
1262
1265
1265
1266
1267
1267
1267
1267
1268
1268
1269
1269
1270
1270
1270
1271
1271
1271
1271
1271
1273
1274
1274
1276
1276
1277
1277
1280
1280
1281
1281
1281
1281
1281
1282
1282
1283
1285
1285
1285
1286
1286
1287
1287
1288
1288
1289
1290
1291
1291
1293
1293
1294
1296
1296
1297
1297
1298
1299
1299
1300
1301
1302
1302
1304
1305
1305
1306
1307
1307
1309
1309
1310
1310
1311
1313
1314
1314
1314
1314
1315
1315
1315
1316
1316
1318
1318
1318
1318
1319
1320
1320
1321
1322
1322
1323
1324
1325
1325
1325
1326
1326
1326
1327
1327
1329
1330
1330
1330
1331
1331
1331
1331
1331
1332
1333
1333
1334
1334
1336
1337
1338
1338
1339
1339
1340
1341
1341
1344
1345
1345
1345
1346
1346
1346
1347
1347
1348
1348
1349
1350
1351
1352
1352
1352
1353
1353
1353
1354
1356
1356
1357
1357
1357
1357
1359
1359
1360
1361
1362
1362
1363
1363
1364
1364
1365
1366
1366
1366
1367
1367
1368
1368
1369
1369
1369
1370
1370
1372
1372
1372
1374
1376
1376
1377
1377
1378
1378
1378
1380
1380
1380
1380
1381
1381
1382
1383
1383
1383
1386
1388
1389
1389
1390
1391
1391
1392
1392
1392
1392
1393
1393
1393
1394
1395
1396
1396
1397
1397
1397
1398
1398
1398
1399
1399
1401
1401
1401
1401
1402
1402
1402
1403
1404
1404
1405
1405
1405
1410
1410
1411
1411
1411
1411
1413
1413
1415
1415
1417
1418
1418
1418
1419
1419
1419
1419
1419
1420
1421
1421
1422
1423
1425
1426
1426
1430
1430
1431
1431
1431
1431
1433
1433
1433
1434
1434
1436
1437
1438
1438
1439
1440
1440
1441
1441
1442
1443
1444
1445
1445
1445
1446
1446
1447
1448
1449
1449
1450
1450
1452
1453
1453
1454
1454
1455
1456
1456
1457
1458
1458
1459
1460
1460
1460
1460
1460
1460
1461
1462
1462
1462
1464
1465
1466
1467
1470
1472
1472
1472
1473
1474
1474
1475
1475
1476
1477
1478
1479
1481
1481
1481
1482
1482
1486
1487
1488
1488
1489
1490
1490
1491
1493
1493
1493
1494
1494
1495
1495
1495
1495
1496
1496
1497
1498
1499
1499
1499
1500
1500
1500
1500
1503
1503
1504
1505
1506
1506
1506
1508
1508
1509
1509
1510
1511
1514
1514
1514
1514
1514
1515
1515
1516
1516
1516
1517
1517
1517
1517
1517
1517
1518
1519
1519
1519
1520
1523
1525
1527
1528
1528
1528
1528
1528
1529
1530
1530
1530
1531
1532
1533
1534
1535
1535
1535
1536
1536
1537
1537
1538
1538
1539
1540
1541
1541
1541
1542
1543
1543
1544
1544
1545
1545
1545
1546
1547
1548
1548
1552
1553
1555
1555
1555
1556
1556
1556
1556
1557
1557
1557
1558
1558
1560
1562
1562
1562
1564
1565
1565
1565
1566
1566
1566
1566
1567
1569
1569
1569
1571
1572
1572
1573
1573
1573
1573
1577
1577
1577
1578
1578
1581
1581
1582
1584
1584
1584
1587
1588
1588
1588
1589
1590
1590
1591
1591
1591
1591
1592
1592
1593
1593
1594
1594
1597
1597
1598
1598
1599
1599
1599
1600
1600
1600
1600
1600
1601
1601
1601
1601
1602
1602
1603
1604
1605
1607
1607
1607
1608
1610
1612
1613
1613
1614
1614
1614
1615
1615
1616
1616
1616
1618
1619
1619
1619
1620
1620
1622
1622
1625
1625
1626
1627
1627
1629
1630
1630
1631
1633
1633
1634
1635
1635
1635
1636
1637
1639
1640
1640
1642
1642
1644
1644
1644
1645
1645
1646
1647
1647
1648
1648
1649
1650
1650
1650
1651
1652
1652
1653
1653
1655
1656
1657
1657
1659
1660
1660
1661
1662
1662
1662
1663
1663
1663
1666
1666
1667
1669
1670
1671
1671
1672
1672
1673
1674
1675
1676
1677
1677
1678
1680
1681
1681
1684
1684
1684
1684
1684
1684
1685
1686
1686
1686
1688
1688
1689
1690
1691
1694
1696
1697
1699
1700
1700
1701
1702
1702
1704
1705
1705
1706
1706
1708
1708
1708
1708
1708
1709
1709
1710
1711
1711
1712
1713
1713
1713
1714
1715
1716
1716
1718
1718
1719
1721
1721
1721
1722
1723
1723
1724
1724
1726
1728
1728
1729
1729
1730
1730
1730
1730
1730
1731
1731
1731
1732
1733
1733
1734
1734
1734
1736
1737
1738
1738
1738
1739
1739
1740
1741
1742
1744
1745
1746
1746
1746
1746
1747
1747
1748
1748
1748
1748
1749
1751
1751
1752
1754
1755
1756
1756
1756
1757
1758
1758
1759
1760
1760
1761
1763
1764
1764
1764
1765
1766
1770
1770
1772
1773
1773
1774
1774
1774
1775
1776
1777
1778
1778
1779
1779
1780
1780
1781
1782
1783
1783
1784
1784
1784
1785
1785
1786
1787
1788
1789
1789
1789
1790
1790
1791
1791
1792
1794
1794
1794
1794
1795
1795
1795
1796
1796
1797
1798
1801
1801
1801
1801
1801
1802
1803
1804
1804
1805
1805
1806
1807
1807
1807
1809
1809
1809
1813
1814
1815
1816
1816
1817
1818
1818
1820
1821
1822
1822
1822
1823
1824
1824
1826
1826
1826
1827
1828
1828
1828
1828
1830
1831
1831
1832
1832
1833
1833
1834
1834
1836
1836
1837
1837
1838
1838
1838
1838
1840
1840
1841
1841
1841
1842
1842
1843
1845
1846
1846
1847
1847
1848
1849
1849
1849
1850
1850
1851
1851
1851
1851
1852
1852
1853
1853
1853
1854
1854
1856
1857
1857
1857
1857
1859
1859
1859
1860
1860
1860
1862
1862
1862
1863
1863
1863
1863
1864
1864
1865
1866
1866
1866
1868
1868
1869
1869
1874
1877
1877
1878
1878
1878
1878
1879
1879
1880
1880
1880
1880
1880
1880
1881
1881
1883
1883
1883
1884
1886
1887
1888
1888
1888
1890
1892
1892
1892
1892
1892
1893
1893
1893
1894
1894
1896
1899
1899
1900
1900
1901
1901
1901
1901
1901
1901
1901
1902
1903
1904
1905
1906
1906
1907
1908
1909
1910
1910
1911
1912
1912
1913
1913
1913
1914
1916
1916
1916
1917
1917
1917
1920
1920
1922
1922
1922
1923
1923
1924
1924
1924
1925
1925
1926
1927
1929
1929
1929
1930
1931
1931
1932
1932
1933
1933
1933
1933
1933
1934
1935
1936
1936
1937
1938
1938
1938
1938
1938
1939
1940
1941
1941
1942
1943
1943
1944
1944
1945
1945
1946
1946
1947
1948
1948
1950
1950
1952
1952
1952
1952
1952
1953
1954
1954
1955
1955
1956
1956
1956
1957
1957
1958
1959
1960
1960
1960
1960
1961
1961
1962
1962
1965
1966
1967
1968
1969
1969
1970
1970
1972
1973
1973
1975
1976
1976
1977
1978
1979
1979
1979
1979
1981
1982
1982
1982
1983
1983
1984
1985
1986
1986
1986
1986
1987
1987
1987
1987
1987
1987
1989
1989
1990
1991
1993
1993
1993
1994
1994
1994
1996
1996
1997
1997
1999
2000
2000
2000
2002
2002
2003
2004
2005
2005
2006
2006
2006
2007
2008
2009
2010
2010
2011
2011
2012
2012
2012
2012
2013
2013
2014
2014
2014
2015
2017
2018
2019
2020
2023
2023
2024
2026
2027
2027
2027
2027
2028
2028
2029
2029
2030
2030
2031
2032
2032
2032
2033
2033
2034
2035
2036
2038
2039
2039
2040
2041
2044
2044
2046
2047
2047
2048
2048
2048
2049
2051
2052
2052
2053
2054
2055
2056
2057
2058
2059
2059
2061
2063
2063
2065
2065
2065
2066
2066
2066
2068
2069
2069
2071
2071
2071
2072
2073
2073
2073
2074
2074
2075
2076
2078
2079
2080
2080
2081
2081
2081
2081
2082
2084
2084
2085
2086
2087
2087
2088
2090
2090
2090
2090
2091
2092
2092
2093
2093
2093
2093
2095
2095
2096
2098
2099
2100
2101
2102
2102
2105
2106
2107
2108
2110
2111
2111
2115
2115
2116
2117
2118
2119
2122
2123
2123
2124
2125
2125
2127
2128
2129
2129
2130
2130
2132
2134
2135
2135
2136
2137
2138
2139
2140
2140
2140
2141
2142
2143
2143
2143
2143
2143
2145
2145
2145
2147
2148
2149
2150
2150
2150
2150
2153
2154
2154
2154
2154
2155
2155
2155
2156
2157
2157
2158
2158
2159
2159
2159
2159
2160
2163
2163
2163
2164
2164
2165
2165
2167
2167
2168
2168
2169
2169
2171
2172
2172
2173
2174
2174
2174
2175
2177
2180
2181
2183
2183
2188
2188
2188
2189
2190
2190
2190
2192
2192
2194
2195
2196
2197
2198
2198
2198
2199
2199
2200
2200
2200
2201
2202
2202
2203
2203
2206
2206
2206
2209
2210
2210
2210
2210
2210
2211
2211
2211
2211
2212
2212
2214
2214
2214
2214
2214
2214
2215
2215
2218
2218
2219
2219
2220
2221
2222
2223
2223
2223
2224
2225
2225
2225
2226
2226
2226
2226
2227
2227
2228
2231
2231
2233
2233
2234
2234
2234
2234
2234
2235
2235
2236
2237
2237
2238
2238
2239
2240
2240
2240
2243
2243
2244
2245
2245
2245
2245
2246
2246
2247
2248
2249
2249
2250
2250
2252
2252
2252
2253
2253
2253
2253
2253
2254
2254
2255
2255
2256
2256
2257
2257
2257
2257
2257
2258
2259
2259
2260
2261
2261
2262
2262
2262
2262
2263
2263
2264
2265
2266
2266
2266
2267
2267
2268
2268
2269
2269
2269
2269
2270
2271
2272
2272
2273
2274
2276
2276
2277
2277
2277
2277
2277
2278
2280
2283
2283
2283
2284
2284
2288
2289
2289
2289
2289
2290
2290
2291
2291
2291
2292
2293
2294
2294
2294
2295
2295
2295
2298
2300
2301
2301
2303
2303
2303
2303
2303
2304
2305
2305
2305
2306
2306
2307
2307
2308
2308
2308
2309
2311
2312
2314
2316
2316
2319
2319
2320
2322
2323
2324
2325
2326
2326
2328
2329
2330
2330
2330
2331
2332
2332
2333
2333
2333
2333
2334
2334
2335
2336
2337
2338
2338
2339
2339
2341
2341
2342
2342
2343
2343
2344
2346
2346
2348
2348
2349
2350
2350
2351
2351
2352
2352
2354
2354
2355
2356
2357
2357
2358
2358
2359
2359
2360
2360
2361
2361
2362
2365
2365
2366
2367
2367
2372
2372
2372
2372
2374
2374
2376
2378
2379
2380
2380
2381
2381
2382
2382
2382
2382
2383
2383
2385
2387
2387
2388
2390
2390
2392
2393
2395
2395
2395
2396
2397
2399
2399
2399
2400
2402
2403
2404
2404
2404
2405
2405
2405
2406
2406
2407
2408
2408
2408
2410
2410
2410
2410
2411
2412
2412
2413
2414
2414
2414
2414
2414
2416
2417
2417
2418
2418
2419
2420
2421
2421
2423
2423
2423
2424
2426
2426
2427
2427
2427
2428
2429
2430
2430
2431
2433
2434
2434
2434
2434
2436
2436
2438
2438
2441
2441
2441
2442
2443
2443
2444
2445
2446
2446
2447
2447
2447
2448
2448
2449
2449
2450
2450
2450
2451
2451
2452
2452
2453
2453
2453
2454
2454
2456
2456
2456
2457
2458
2460
2461
2461
2462
2462
2462
2462
2464
2465
2466
2467
2468
2469
2470
2470
2470
2471
2472
2472
2473
2474
2474
2475
2476
2476
2477
2478
2478
2479
2479
2480
2480
2480
2480
2481
2482
2483
2485
2485
2486
2486
2486
2486
2486
2487
2487
2487
2488
2488
2491
2491
2491
2491
2492
2492
2492
2493
2494
2499
2500
2503
2504
2504
2507
2507
2509
2509
2509
2509
2512
2512
2513
2515
2520
2520
2520
2520
2521
2521
2521
2522
2523
2524
2524
2524
2525
2525
2525
2525
2525
2526
2526
2526
2527
2528
2528
2529
2529
2529
2531
2532
2532
2532
2533
2534
2534
2536
2538
2539
2539
2539
2542
2543
2543
2543
2543
2543
2544
2544
2545
2546
2546
2546
2547
2549
2549
2549
2549
2550
2551
2552
2552
2552
2554
2555
2556
2556
2557
2559
2559
2560
2560
2560
2560
2561
2561
2564
2565
2565
2566
2566
2567
2568
2568
2568
2568
2569
2570
2570
2570
2571
2572
2573
2573
2573
2574
2574
2574
2575
2577
2578
2579
2580
2581
2581
2581
2582
2582
2582
2584
2585
2585
2585
2586
2587
2588
2588
2589
2591
2591
2591
2593
2593
2594
2594
2594
2595
2596
2596
2596
2596
2597
2598
2598
2602
2604
2605
2605
2605
2605
2607
2607
2609
2609
2610
2610
2611
2611
2612
2612
2613
2613
2614
2615
2616
2616
2618
2618
2618
2619
2620
2620
2621
2621
2623
2623
2625
2626
2626
2627
2628
2629
2629
2629
2629
2631
2631
2631
2632
2632
2634
2635
2635
2635
2636
2637
2638
2639
2640
2640
2642
2642
2642
2643
2644
2644
2645
2648
2648
2648
2648
2649
2649
2653
2655
2657
2657
2658
2659
2659
2660
2661
2662
2663
2663
2664
2665
2665
2666
2667
2667
2667
2667
2667
2668
2668
2668
2668
2669
2670
2670
2671
2672
2673
2673
2673
2673
2674
2674
2676
2677
2677
2680
2680
2681
2681
2682
2682
2683
2683
2683
2684
2684
2684
2685
2687
2687
2688
2688
2689
2690
2690
2691
2692
2694
2694
2695
2695
2697
2698
2699
2701
2702
2705
2705
2705
2706
2706
2707
2707
2707
2707
2708
2708
2708
2708
2709
2709
2710
2711
2711
2712
2713
2713
2714
2715
2715
2722
2722
2722
2723
2724
2725
2725
2725
2725
2725
2727
2727
2727
2729
2730
2731
2731
2731
2732
2732
2735
2736
2736
2736
2737
2738
2739
2739
2740
2740
2740
2742
2743
2743
2743
2743
2743
2744
2744
2744
2744
2744
2745
2746
2746
2747
2749
2749
2749
2749
2750
2750
2751
2751
2751
2751
2751
2753
2753
2754
2755
2756
2756
2758
2758
2759
2759
2761
2762
2762
2762
2763
2764
2764
2764
2764
2764
2765
2765
2768
2768
2769
2770
2770
2771
2771
2773
2774
2775
2775
2776
2778
2778
2778
2780
2780
2780
2782
2782
2783
2784
2785
2785
2787
2790
2793
2793
2793
2793
2794
2794
2794
2794
2796
2797
2799
2799
2800
2800
2800
2800
2800
2801
2802
2803
2805
2805
2806
2806
2807
2808
2808
2808
2809
2810
2811
2813
2813
2813
2815
2815
2815
2816
2816
2816
2818
2819
2820
2821
2821
2821
2821
2821
2821
2821
2822
2822
2822
2823
2824
2824
2825
2826
2826
2826
2826
2827
2829
2829
2829
2829
2830
2830
2831
2831
2832
2834
2834
2835
2835
2835
2836
2838
2838
2838
2839
2839
2841
2842
2842
2842
2843
2844
2844
2844
2845
2847
2848
2848
2848
2849
2849
2849
2849
2850
2850
2850
2850
2850
2851
2851
2851
2851
2853
2853
2854
2855
2855
2856
2856
2858
2859
2859
2860
2860
2862
2863
2865
2866
2866
2867
2867
2868
2868
2868
2868
2869
2870
2870
2870
2871
2872
2873
2873
2874
2875
2877
2877
2879
2879
2879
2879
2880
2881
2882
2882
2882
2882
2884
2884
2885
2886
2886
2886
2886
2887
2887
2888
2889
2889
2890
2890
2890
2891
2891
2891
2892
2892
2892
2892
2893
2893
2893
2894
2895
2898
2898
2899
2899
2899
2899
2901
2901
2902
2903
2904
2905
2906
2908
2908
2908
2909
2910
2910
2911
2911
2915
2915
2916
2917
2918
2919
2919
2920
2920
2923
2923
2923
2923
2923
2923
2924
2924
2924
2926
2926
2927
2927
2927
2927
2927
2928
2930
2930
2931
2932
2932
2933
2934
2937
2939
2941
2941
2941
2942
2942
2942
2943
2944
2945
2946
2946
2947
2947
2948
2948
2950
2951
2951
2951
2951
2952
2952
2954
2954
2955
2956
2958
2959
2961
2961
2961
2963
2963
2963
2964
2965
2966
2967
2968
2968
2968
2969
2969
2970
2970
2970
2971
2971
2971
2971
2972
2977
2977
2978
2979
2979
2980
2980
2980
2981
2981
2981
2983
2984
2984
2984
2985
2987
2988
2988
2989
2990
2990
2991
2991
2992
2993
2993
2995
2996
2996
2998
2998
2998
2998
2999
2999
3000
3000
3000
3000
3001
3001
3002
3003
3003
3003
3004
3006
3008
3008
3009
3009
3009
3009
3010
3011
3011
3012
3012
3014
3014
3014
3015
3015
3016
3016
3017
3018
3018
3018
3019
3020
3020
3021
3021
3022
3022
3022
3023
3024
3024
3025
3025
3027
3027
3027
3027
3027
3028
3028
3028
3029
3029
3029
3030
3030
3030
3031
3031
3031
3033
3034
3034
3034
3034
3035
3036
3036
3037
3038
3038
3038
3038
3039
3040
3040
3040
3041
3043
3043
3044
3044
3045
3045
3045
3046
3046
3048
3048
3049
3049
3049
3050
3050
3051
3051
3051
3051
3053
3053
3054
3054
3055
3056
3057
3058
3058
3058
3060
3060
3060
3061
3062
3062
3062
3063
3063
3063
3064
3064
3065
3066
3067
3067
3068
3069
3069
3069
3069
3070
3070
3071
3072
3073
3073
3074
3074
3075
3077
3077
3077
3077
3078
3079
3079
3081
3081
3082
3082
3082
3084
3085
3086
3086
3086
3088
3088
3089
3090
3091
3092
3093
3093
3093
3093
3095
3095
3096
3096
3096
3097
3097
3097
3098
3098
3100
3101
3101
3102
3102
3103
3103
3103
3103
3104
3104
3105
3105
3108
3108
3109
3110
3111
3111
3112
3113
3114
3114
3115
3117
3117
3117
3117
3118
3118
3118
3119
3119
3119
3120
3120
3121
3122
3122
3122
3123
3123
3125
3125
3125
3126
3127
3128
3129
3130
3130
3130
3131
3131
3133
3134
3134
3135
3135
3135
3136
3140
3140
3141
3141
3141
3142
3142
3142
3144
3144
3145
3145
3145
3146
3147
3148
3149
3150
3150
3151
3151
3152
3152
3153
3153
3154
3156
3157
3157
3158
3159
3159
3159
3159
3160
3160
3161
3162
3165
3165
3165
3165
3166
3166
3166
3168
3168
3170
3171
3171
3171
3173
3173
3173
3175
3176
3176
3177
3178
3181
3182
3183
3185
3186
3187
3188
3188
3188
3189
3190
3190
3191
3191
3192
3193
3193
3193
3194
3194
3195
3195
3195
3196
3197
3198
3200
3201
3202
3202
3202
3202
3203
3204
3204
3204
3204
3205
3205
3207
3208
3209
3209
3209
3209
3210
3210
3210
3211
3211
3212
3212
3213
3214
3214
3215
3216
3217
3217
3218
3219
3220
3221
3222
3222
3224
3224
3225
3227
3227
3228
3228
3231
3231
3234
3234
3234
3234
3235
3237
3237
3238
3238
3239
3240
3241
3241
3241
3241
3241
3242
3242
3243
3244
3244
3244
3245
3245
3245
3246
3246
3247
3248
3248
3249
3249
3250
3250
3251
3251
3251
3253
3254
3254
3254
3255
3255
3257
3257
3257
3258
3258
3259
3261
3261
3261
3262
3265
3265
3265
3266
3266
3267
3268
3268
3268
3269
3270
3271
3271
3271
3273
3274
3274
3275
3279
3279
3280
3284
3284
3285
3286
3286
3286
3286
3288
3288
3288
3289
3290
3293
3295
3295
3296
3296
3297
3297
3297
3297
3297
3298
3298
3298
3298
3300
3301
3301
3301
3301
3302
3302
3302
3302
3303
3303
3303
3303
3304
3304
3304
3304
3304
3305
3306
3306
3306
3307
3307
3308
3308
3308
3308
3311
3312
3312
3313
3313
3314
3314
3314
3314
3316
3317
3317
3317
3317
3318
3318
3319
3320
3320
3321
3324
3324
3324
3324
3325
3325
3326
3326
3326
3327
3327
3328
3329
3331
3331
3332
3333
3333
3333
3333
3334
3335
3335
3336
3336
3337
3339
3339
3339
3340
3340
3340
3341
3343
3346
3346
3346
3347
3348
3348
3349
3349
3351
3352
3352
3353
3354
3356
3358
3358
3359
3359
3359
3359
3359
3359
3361
3365
3366
3366
3366
3367
3367
3368
3368
3369
3372
3372
3373
3376
3377
3379
3381
3382
3383
3383
3383
3383
3384
3384
3386
3386
3387
3388
3388
3389
3389
3390
3391
3391
3391
3392
3393
3393
3395
3395
3396
3397
3398
3400
3400
3401
3401
3401
3401
3402
3402
3402
3402
3403
3404
3406
3406
3407
3407
3407
3408
3409
3410
3410
3410
3411
3413
3413
3413
3414
3414
3414
3414
3415
3415
3416
3418
3418
3418
3420
3420
3420
3422
3422
3424
3425
3426
3427
3428
3428
3428
3429
3429
3430
3430
3430
3431
3432
3433
3433
3434
3434
3435
3436
3437
3438
3438
3439
3442
3445
3447
3448
3448
3449
3449
3450
3450
3450
3450
3453
3454
3454
3456
3456
3457
3458
3459
3460
3460
3461
3461
3461
3462
3462
3463
3464
3466
3466
3467
3469
3470
3470
3471
3472
3473
3474
3475
3475
3475
3476
3476
3476
3478
3478
3479
3480
3481
3481
3482
3482
3482
3483
3484
3484
3484
3485
3486
3487
3487
3487
3488
3489
3489
3490
3490
3491
3492
3492
3492
3493
3494
3494
3494
3494
3495
3498
3499
3500
3501
3501
3502
3503
3506
3507
3507
3507
3508
3508
3509
3510
3510
3510
3511
3512
3513
3514
3514
3515
3515
3515
3516
3517
3517
3517
3517
3519
3519
3519
3522
3522
3523
3523
3524
3524
3526
3526
3527
3528
3528
3528
3528
3531
3531
3531
3532
3532
3533
3535
3535
3535
3537
3537
3537
3538
3538
3540
3540
3541
3541
3541
3542
3542
3543
3543
3546
3547
3547
3547
3549
3550
3550
3550
3551
3553
3553
3553
3554
3554
3555
3557
3557
3558
3559
3560
3560
3560
3560
3561
3564
3564
3565
3565
3565
3567
3567
3568
3568
3570
3571
3571
3571
3572
3572
3572
3572
3573
3573
3574
3576
3577
3577
3579
3579
3580
3580
3580
3581
3581
3581
3583
3583
3584
3586
3586
3587
3587
3588
3588
3588
3588
3589
3590
3591
3591
3592
3592
3593
3594
3594
3596
3597
3598
3598
3598
3599
3599
3599
3600
3600
3600
3602
3602
3603
3603
3603
3605
3605
3605
3607
3607
3607
3608
3610
3612
3614
3614
3616
3617
3618
3618
3619
3619
3619
3620
3621
3621
3622
3622
3624
3625
3625
3625
3626
3627
3627
3627
3628
3629
3629
3630
3630
3630
3630
3631
3632
3633
3633
3633
3633
3633
3634
3635
3635
3636
3636
3636
3637
3638
3639
3639
3640
3641
3642
3643
3643
3644
3644
3645
3646
3646
3647
3648
3649
3650
3652
3653
3655
3658
3658
3658
3659
3660
3660
3661
3662
3663
3663
3664
3664
3664
3665
3666
3667
3668
3669
3669
3669
3669
3669
3670
3670
3672
3672
3673
3674
3674
3674
3674
3677
3677
3678
3678
3679
3679
3679
3680
3681
3681
3683
3683
3684
3684
3685
3686
3686
3687
3687
3688
3688
3688
3689
3689
3691
3691
3691
3693
3693
3693
3694
3694
3695
3695
3695
3697
3697
3698
3699
3699
3700
3702
3703
3705
3706
3706
3706
3707
3708
3709
3712
3712
3712
3713
3713
3714
3714
3715
3716
3717
3717
3717
3718
3720
3723
3724
3724
3726
3728
3728
3729
3730
3733
3733
3733
3734
3736
3737
3737
3738
3741
3741
3741
3741
3742
3742
3744
3745
3745
3747
3747
3747
3747
3748
3748
3749
3750
3750
3751
3752
3753
3753
3754
3754
3754
3755
3755
3756
3756
3757
3757
3758
3758
3758
3759
3760
3761
3761
3762
3764
3764
3764
3766
3766
3767
3768
3769
3770
3770
3771
3772
3773
3773
3773
3774
3776
3776
3777
3777
3778
3780
3780
3781
3781
3781
3782
3782
3784
3784
3785
3785
3785
3786
3786
3786
3786
3787
3791
3791
3792
3792
3792
3793
3794
3795
3795
3795
3796
3796
3797
3797
3798
3798
3798
3798
3803
3804
3805
3806
3806
3806
3807
3808
3809
3809
3809
3810
3810
3811
3811
3814
3814
3814
3814
3815
3815
3816
3816
3817
3818
3819
3819
3820
3820
3820
3821
3821
3821
3822
3822
3823
3824
3825
3825
3825
3825
3826
3826
3826
3828
3828
3828
3829
3829
3829
3830
3831
3831
3831
3832
3832
3834
3835
3835
3838
3839
3840
3840
3841
3842
3843
3843
3844
3847
3847
3850
3851
3852
3852
3853
3854
3855
3856
3856
3857
3857
3857
3859
3859
3859
3859
3860
3860
3863
3864
3864
3864
3864
3865
3865
3865
3865
3868
3868
3868
3870
3871
3872
3872
3874
3874
3874
3875
3875
3876
3879
3880
3880
3881
3881
3882
3882
3883
3883
3884
3884
3885
3885
3885
3885
3886
3886
3887
3887
3887
3889
3889
3890
3893
3894
3895
3896
3896
3896
3897
3897
3897
3898
3899
3899
3900
3900
3901
3901
3903
3904
3904
3904
3904
3906
3908
3908
3910
3910
3913
3914
3915
3916
3916
3916
3916
3917
3917
3919
3919
3919
3919
3919
3920
3921
3921
3922
3923
3924
3924
3924
3926
3926
3926
3927
3927
3927
3930
3930
3930
3930
3930
3931
3932
3933
3933
3934
3936
3936
3938
3938
3938
3939
3941
3941
3942
3942
3942
3942
3943
3945
3945
3945
3946
3947
3948
3950
3951
3952
3953
3953
3954
3955
3955
3955
3956
3956
3958
3958
3958
3961
3962
3962
3963
3964
3966
3966
3966
3968
3969
3969
3969
3969
3970
3973
3975
3976
3978
3978
3979
3979
3979
3980
3980
3980
3982
3983
3985
3985
3985
3986
3988
3988
3989
3989
3989
3990
3990
3991
3992
3993
3993
3994
3995
3995
3996
3997
3997
3998
4000
4000
4002
4002
4002
4004
4005
4006
4007
4007
4009
4010
4010
4011
4011
4013
4014
4014
4014
4016
4017
4018
4019
4020
4021
4021
4022
4022
4023
4023
4024
4025
4025
4026
4026
4026
4026
4026
4027
4028
4028
4029
4029
4030
4030
4031
4031
4031
4032
4032
4033
4034
4034
4035
4036
4037
4038
4038
4039
4039
4041
4041
4042
4044
4046
4047
4047
4047
4047
4047
4048
4048
4049
4050
4053
4053
4053
4054
4054
4054
4054
4056
4057
4057
4058
4058
4059
4060
4061
4062
4062
4062
4063
4064
4064
4065
4065
4065
4067
4067
4068
4068
4069
4069
4069
4069
4070
4070
4070
4071
4071
4072
4073
4073
4074
4074
4075
4076
4076
4077
4077
4078
4079
4079
4079
4080
4080
4082
4083
4083
4083
4084
4086
4086
4087
4088
4088
4089
4089
4089
4090
4091
4093
4095
4095
4095
4095
4097
4098
4098
4099
4100
4103
4104
4104
4104
4104
4105
4106
4107
4108
4109
4109
4109
4110
4111
4111
4111
4112
4113
4113
4113
4113
4114
4116
4117
4117
4118
4118
4119
4120
4121
4122
4122
4122
4123
4124
4125
4126
4126
4126
4128
4130
4130
4131
4131
4133
4133
4133
4134
4134
4134
4137
4137
4137
4138
4138
4138
4138
4139
4139
4140
4140
4144
4145
4145
4146
4146
4146
4147
4147
4148
4149
4149
4149
4150
4150
4152
4152
4152
4153
4153
4154
4155
4156
4156
4157
4158
4158
4159
4159
4161
4161
4164
4166
4166
4166
4167
4168
4168
4169
4170
4170
4172
4172
4173
4173
4173
4175
4176
4179
4180
4180
4180
4181
4181
4182
4184
4186
4186
4186
4186
4187
4188
4188
4188
4189
4189
4189
4190
4191
4192
4193
4193
4193
4194
4195
4196
4196
4196
4196
4197
4197
4197
4198
4198
4198
4199
4200
4200
4201
4202
4203
4204
4204
4204
4205
4206
4208
4209
4210
4211
4213
4216
4216
4216
4216
4217
4217
4219
4220
4220
4221
4221
4221
4222
4223
4223
4223
4224
4224
4224
4225
4226
4226
4226
4226
4227
4228
4229
4229
4230
4230
4230
4230
4231
4233
4234
4234
4234
4235
4237
4237
4238
4239
4240
4241
4241
4241
4241
4241
4242
4242
4243
4244
4244
4245
4246
4246
4248
4249
4251
4251
4252
4252
4252
4252
4252
4253
4253
4254
4256
4256
4256
4256
4258
4259
4259
4260
4260
4261
4262
4262
4263
4263
4264
4264
4264
4265
4266
4267
4267
4267
4268
4268
4268
4268
4269
4272
4272
4272
4273
4273
4273
4274
4274
4275
4275
4276
4276
4277
4277
4278
4278
4279
4279
4280
4280
4280
4281
4283
4283
4284
4285
4286
4287
4287
4287
4288
4289
4290
4290
4291
4291
4291
4293
4294
4294
4295
4295
4296
4296
4296
4297
4298
4298
4299
4301
4301
4302
4302
4303
4306
4306
4307
4309
4309
4311
4312
4313
4314
4314
4318
4318
4319
4320
4320
4321
4323
4323
4324
4324
4325
4325
4327
4327
4327
4330
4332
4332
4333
4335
4336
4336
4336
4336
4338
4338
4339
4339
4340
4340
4340
4341
4341
4342
4342
4343
4343
4345
4345
4346
4347
4347
4348
4348
4350
4350
4350
4351
4351
4352
4353
4353
4354
4355
4355
4355
4356
4357
4358
4359
4359
4359
4360
4360
4361
4361
4361
4361
4361
4361
4361
4362
4363
4363
4363
4365
4366
4366
4367
4368
4368
4368
4369
4371
4372
4372
4372
4373
4374
4374
4376
4376
4377
4378
4378
4379
4379
4380
4381
4382
4383
4384
4384
4385
4386
4387
4388
4389
4390
4390
4391
4392
4393
4394
4394
4395
4396
4398
4402
4402
4402
4402
4403
4404
4404
4404
4405
4407
4409
4409
4409
4410
4410
4410
4410
4411
4411
4412
4412
4413
4414
4415
4416
4417
4418
4418
4419
4420
4420
4421
4422
4422
4423
4424
4424
4425
4426
4427
4428
4428
4428
4429
4429
4429
4429
4430
4430
4431
4433
4433
4434
4434
4435
4435
4435
4435
4435
4436
4436
4437
4439
4439
4439
4440
4441
4442
4444
4444
4445
4445
4445
4446
4446
4446
4448
4448
4449
4449
4449
4450
4451
4452
4453
4455
4455
4455
4455
4456
4456
4456
4457
4458
4459
4461
4462
4463
4464
4464
4465
4467
4467
4467
4468
4470
4470
4470
4470
4471
4472
4472
4474
4474
4476
4476
4477
4477
4478
4480
4481
4481
4482
4482
4483
4484
4484
4486
4487
4488
4488
4490
4492
4492
4492
4493
4493
4495
4495
4496
4496
4496
4500
4501
4501
4501
4501
4503
4503
4503
4504
4506
4507
4507
4509
4509
4510
4511
4511
4511
4513
4513
4513
4514
4514
4514
4515
4516
4516
4518
4518
4519
4520
4520
4521
4521
4521
4522
4522
4523
4523
4523
4524
4525
4525
4525
4526
4528
4529
4529
4529
4529
4529
4530
4530
4531
4532
4532
4533
4535
4536
4537
4538
4538
4539
4540
4540
4540
4540
4542
4542
4542
4543
4544
4544
4544
4544
4545
4545
4545
4546
4547
4547
4547
4547
4549
4550
4552
4552
4554
4556
4557
4557
4558
4560
4565
4565
4566
4566
4566
4567
4567
4568
4569
4569
4570
4570
4571
4571
4572
4572
4573
4573
4573
4574
4574
4575
4575
4575
4575
4578
4579
4579
4580
4580
4580
4581
4581
4581
4582
4584
4584
4585
4585
4585
4586
4586
4586
4587
4590
4590
4591
4591
4591
4593
4593
4595
4595
4596
4596
4596
4597
4603
4604
4604
4605
4605
4605
4605
4606
4606
4607
4607
4607
4608
4608
4610
4611
4613
4614
4614
4615
4616
4616
4616
4617
4618
4620
4620
4620
4620
4620
4621
4623
4623
4623
4623
4624
4624
4625
4625
4625
4626
4626
4626
4628
4629
4630
4630
4631
4632
4634
4634
4634
4635
4635
4636
4639
4640
4640
4640
4641
4643
4644
4645
4645
4646
4646
4647
4649
4649
4649
4650
4651
4651
4652
4653
4653
4653
4653
4653
4655
4655
4655
4655
4656
4657
4657
4658
4658
4658
4660
4661
4663
4663
4664
4664
4665
4665
4666
4666
4666
4667
4668
4669
4669
4669
4670
4670
4671
4671
4672
4672
4672
4673
4673
4674
4674
4675
4676
4676
4676
4677
4677
4678
4679
4679
4679
4680
4680
4680
4681
4681
4682
4683
4684
4684
4684
4686
4688
4688
4689
4689
4689
4690
4691
4691
4692
4693
4693
4694
4694
4695
4696
4697
4697
4698
4701
4701
4702
4703
4703
4704
4705
4705
4705
4705
4706
4707
4707
4708
4710
4710
4710
4712
4712
4713
4714
4715
4716
4717
4717
4718
4719
4719
4719
4720
4721
4721
4722
4722
4722
4723
4724
4724
4724
4725
4726
4726
4727
4727
4727
4728
4728
4729
4730
4731
4731
4732
4732
4732
4732
4733
4734
4736
4738
4738
4740
4740
4742
4743
4744
4744
4744
4747
4748
4749
4750
4751
4751
4752
4752
4752
4752
4752
4753
4754
4754
4754
4757
4757
4759
4761
4762
4767
4767
4768
4769
4769
4770
4770
4770
4770
4773
4773
4775
4775
4775
4776
4777
4777
4777
4778
4778
4779
4780
4781
4782
4783
4785
4786
4787
4788
4788
4790
4791
4792
4792
4792
4792
4793
4793
4796
4797
4797
4797
4797
4798
4799
4799
4800
4800
4802
4804
4804
4804
4805
4806
4807
4807
4808
4808
4808
4809
4810
4810
4812
4814
4814
4815
4815
4815
4815
4816
4816
4817
4818
4818
4821
4822
4824
4824
4825
4825
4826
4826
4827
4827
4827
4827
4827
4829
4830
4830
4831
4831
4832
4832
4833
4834
4834
4835
4835
4836
4836
4836
4836
4837
4837
4837
4838
4839
4839
4840
4840
4840
4842
4842
4842
4843
4844
4845
4846
4848
4848
4849
4849
4849
4850
4851
4853
4854
4854
4856
4856
4856
4857
4857
4857
4857
4859
4860
4860
4861
4863
4864
4865
4865
4867
4867
4867
4868
4868
4869
4870
4870
4871
4871
4872
4872
4872
4872
4872
4872
4874
4874
4875
4876
4876
4879
4879
4880
4880
4880
4881
4883
4883
4884
4885
4885
4886
4887
4888
4891
4891
4892
4892
4892
4892
4892
4893
4894
4895
4895
4897
4897
4897
4898
4899
4899
4899
4900
4900
4900
4900
4900
4900
4900
4901
4902
4903
4905
4905
4906
4906
4908
4909
4910
4911
4913
4914
4914
4914
4915
4915
4916
4917
4917
4919
4919
4920
4921
4922
4924
4925
4925
4929
4929
4931
4931
4932
4932
4932
4933
4933
4933
4934
4934
4935
4935
4935
4936
4936
4936
4937
4938
4938
4939
4940
4942
4942
4944
4947
4947
4947
4950
4950
4951
4952
4954
4955
4955
4956
4957
4957
4957
4958
4960
4960
4961
4961
4962
4962
4962
4964
4965
4965
4965
4965
4966
4966
4966
4967
4967
4967
4967
4967
4969
4969
4969
4970
4971
4971
4972
4972
4973
4974
4975
4975
4977
4977
4978
4978
4979
4979
4979
4980
4980
4980
4981
4981
4982
4983
4984
4985
4985
4986
4986
4986
4986
4987
4987
4988
4988
4991
4991
4993
4995
4998
4998
4998
4999
4999
5001
5002
5003
5004
5005
5005
5005
5006
5006
5007
5007
5007
5008
5008
5009
5010
5010
5011
5011
5011
5012
5013
5013
5013
5014
5014
5014
5015
5015
5015
5016
5016
5016
5017
5017
5017
5019
5019
5019
5021
5022
5022
5023
5025
5026
5026
5026
5027
5028
5028
5028
5029
5029
5030
5031
5032
5032
5033
5034
5034
5035
5035
5035
5037
5037
5038
5040
5041
5042
5043
5044
5044
5045
5046
5046
5046
5047
5047
5047
5047
5048
5048
5049
5051
5051
5052
5052
5052
5053
5053
5054
5055
5055
5059
5059
5059
5059
5059
5060
5060
5061
5063
5063
5063
5064
5064
5064
5065
5065
5066
5066
5067
5067
5068
5068
5069
5069
5071
5072
5072
5073
5073
5074
5074
5075
5076
5076
5076
5077
5077
5077
5078
5080
5080
5083
5084
5084
5085
5085
5086
5086
5087
5087
5088
5088
5089
5089
5090
5090
5090
5091
5091
5092
5092
5092
5092
5093
5093
5094
5094
5094
5096
5097
5098
5099
5100
5101
5101
5102
5103
5103
5104
5105
5105
5106
5107
5107
5109
5111
5111
5113
5113
5113
5115
5115
5115
5115
5116
5116
5117
5118
5118
5119
5120
5120
5121
5122
5123
5123
5125
5126
5126
5126
5128
5128
5129
5129
5131
5132
5132
5132
5133
5133
5133
5134
5134
5134
5136
5137
5138
5140
5141
5142
5143
5143
5144
5144
5145
5147
5147
5147
5148
5148
5150
5151
5151
5151
5152
5153
5153
5154
5154
5155
5156
5156
5157
5158
5158
5158
5159
5159
5160
5161
5161
5161
5162
5162
5163
5164
5164
5164
5165
5165
5165
5166
5166
5166
5168
5168
5169
5170
5170
5172
5173
5174
5175
5176
5178
5178
5179
5180
5182
5184
5186
5187
5188
5189
5189
5189
5192
5192
5192
5193
5193
5194
5196
5197
5197
5198
5198
5199
5199
5200
5200
5200
5202
5203
5205
5205
5205
5205
5207
5211
5211
5211
5212
5212
5212
5214
5214
5214
5214
5215
5215
5216
5216
5216
5217
5218
5219
5219
5219
5221
5221
5221
5222
5222
5222
5222
5223
5223
5223
5223
5224
5224
5224
5225
5226
5226
5228
5228
5228
5229
5229
5229
5229
5230
5230
5230
5233
5233
5234
5234
5235
5235
5237
5238
5238
5240
5240
5241
5241
5243
5243
5244
5244
5244
5244
5246
5247
5247
5248
5248
5249
5249
5250
5251
5252
5252
5252
5253
5253
5253
5254
5256
5256
5257
5258
5259
5259
5259
5259
5260
5261
5261
5262
5262
5263
5263
5265
5267
5267
5267
5268
5268
5269
5269
5270
5273
5274
5274
5274
5274
5275
5275
5275
5275
5275
5278
5279
5279
5280
5281
5281
5281
5281
5282
5283
5283
5283
5284
5284
5288
5288
5288
5289
5289
5291
5291
5291
5291
5291
5292
5293
5293
5294
5295
5296
5297
5297
5298
5298
5299
5299
5299
5300
5301
5301
5302
5302
5303
5303
5304
5305
5305
5306
5306
5307
5308
5309
5309
5310
5310
5311
5311
5311
5313
5314
5315
5316
5318
5318
5318
5319
5320
5320
5321
5322
5322
5322
5323
5324
5324
5327
5328
5328
5329
5330
5330
5331
5331
5332
5332
5333
5333
5334
5335
5335
5335
5336
5336
5337
5338
5338
5338
5338
5339
5339
5339
5340
5340
5341
5341
5341
5342
5343
5344
5344
5346
5346
5347
5347
5348
5350
5350
5350
5352
5353
5353
5354
5354
5356
5357
5357
5357
5358
5358
5359
5360
5360
5360
5362
5363
5363
5365
5365
5366
5367
5367
5368
5370
5370
5370
5371
5372
5373
5373
5374
5374
5374
5375
5376
5376
5377
5378
5378
5379
5379
5380
5380
5381
5381
5384
5384
5385
5387
5387
5389
5390
5392
5393
5393
5394
5394
5395
5396
5397
5397
5398
5398
5398
5400
5400
5401
5402
5403
5403
5404
5404
5404
5405
5406
5406
5407
5407
5408
5408
5409
5410
5410
5410
5411
5411
5413
5413
5414
5414
5415
5415
5416
5417
5418
5419
5419
5419
5420
5421
5421
5423
5424
5424
5424
5425
5426
5426
5427
5428
5428
5429
5429
5430
5430
5430
5430
5431
5433
5434
5435
5435
5437
5439
5440
5440
5440
5440
5442
5443
5444
5445
5445
5446
5446
5446
5448
5448
5449
5450
5451
5454
5454
5455
5455
5455
5456
5456
5458
5458
5459
5459
5459
5459
5459
5459
5460
5461
5461
5462
5463
5463
5464
5466
5467
5467
5469
5470
5470
5470
5471
5471
5473
5475
5475
5476
5477
5477
5477
5478
5479
5480
5480
5480
5481
5481
5482
5483
5484
5484
5485
5485
5485
5485
5486
5487
5487
5487
5488
5488
5490
5491
5491
5495
5495
5496
5496
5496
5498
5498
5501
5502
5502
5503
5504
5505
5505
5507
5508
5509
5509
5509
5509
5509
5509
5510
5510
5510
5510
5511
5511
5511
5512
5514
5515
5516
5516
5516
5517
5517
5517
5517
5517
5519
5519
5519
5520
5523
5523
5524
5525
5525
5525
5527
5528
5528
5528
5529
5529
5530
5531
5531
5532
5534
5534
5534
5535
5535
5535
5537
5537
5537
5538
5538
5540
5541
5541
5549
5550
5551
5551
5553
5553
5553
5553
5555
5555
5556
5557
5558
5559
5560
5560
5562
5562
5563
5563
5564
5564
5564
5565
5565
5566
5567
5567
5568
5569
5569
5569
5570
5570
5572
5573
5573
5574
5574
5574
5575
5575
5575
5575
5576
5576
5576
5577
5577
5579
5579
5580
5580
5580
5581
5582
5583
5583
5583
5585
5585
5586
5586
5586
5587
5587
5589
5590
5592
5592
5593
5594
5594
5596
5598
5599
5599
5601
5601
5601
5602
5602
5603
5603
5604
5604
5604
5605
5605
5605
5605
5606
5606
5606
5607
5609
5609
5610
5610
5611
5612
5612
5614
5614
5614
5617
5617
5617
5617
5618
5618
5619
5620
5620
5621
5621
5621
5622
5623
5624
5624
5624
5625
5625
5625
5625
5626
5627
5627
5627
5627
5627
5629
5629
5629
5630
5630
5630
5631
5633
5633
5634
5636
5637
5637
5638
5638
5638
5639
5640
5640
5640
5640
5640
5641
5642
5643
5644
5645
5646
5647
5648
5649
5649
5650
5650
5651
5651
5653
5653
5656
5656
5658
5659
5660
5661
5664
5665
5667
5667
5667
5669
5669
5670
5670
5671
5671
5671
5672
5674
5674
5675
5675
5675
5675
5676
5677
5677
5678
5679
5679
5680
5681
5683
5684
5684
5685
5685
5685
5686
5686
5687
5687
5688
5690
5690
5691
5691
5691
5691
5691
5692
5692
5693
5693
5695
5695
5696
5696
5699
5699
5699
5700
5700
5700
5700
5700
5701
5701
5702
5703
5704
5704
5705
5706
5708
5708
5710
5710
5712
5712
5713
5715
5716
5716
5716
5717
5719
5719
5719
5719
5720
5720
5721
5723
5723
5724
5726
5726
5727
5728
5728
5728
5729
5730
5733
5733
5733
5734
5734
5735
5735
5736
5736
5738
5740
5740
5741
5741
5742
5743
5744
5744
5745
5745
5746
5746
5746
5746
5746
5747
5747
5748
5748
5750
5751
5751
5751
5753
5753
5753
5754
5754
5755
5755
5756
5758
5758
5760
5760
5762
5762
5762
5763
5763
5763
5764
5765
5766
5766
5767
5768
5769
5770
5771
5771
5772
5772
5774
5774
5775
5776
5778
5778
5779
5779
5780
5780
5781
5781
5781
5782
5782
5783
5784
5784
5785
5785
5785
5785
5785
5786
5786
5786
5787
5787
5789
5789
5789
5792
5792
5792
5792
5794
5795
5795
5796
5796
5797
5799
5799
5799
5800
5800
5802
5802
5803
5804
5804
5805
5806
5807
5810
5810
5811
5811
5812
5812
5813
5813
5813
5814
5816
5817
5817
5817
5818
5818
5818
5819
5819
5820
5820
5820
5821
5821
5821
5821
5822
5822
5823
5823
5823
5823
5824
5825
5826
5828
5831
5831
5831
5831
5831
5832
5833
5833
5834
5834
5835
5835
5837
5837
5837
5838
5839
5840
5841
5841
5842
5842
5842
5842
5845
5845
5846
5846
5846
5846
5847
5847
5848
5849
5849
5850
5851
5851
5852
5852
5853
5853
5853
5854
5854
5854
5854
5855
5856
5856
5856
5857
5858
5858
5859
5863
5863
5864
5864
5865
5865
5865
5866
5867
5867
5867
5869
5869
5870
5870
5871
5871
5871
5871
5871
5872
5873
5874
5874
5874
5874
5875
5876
5876
5876
5878
5878
5881
5881
5882
5884
5885
5885
5885
5885
5886
5886
5888
5888
5888
5889
5889
5890
5890
5890
5890
5893
5893
5893
5893
5894
5894
5895
5896
5897
5898
5898
5898
5899
5899
5900
5902
5902
5902
5902
5902
5902
5903
5903
5904
5905
5905
5905
5906
5906
5906
5907
5907
5908
5909
5909
5909
5909
5911
5911
5911
5912
5912
5913
5913
5915
5915
5917
5917
5917
5917
5917
5919
5920
5920
5921
5921
5923
5923
5923
5925
5926
5928
5928
5928
5929
5930
5931
5931
5932
5934
5934
5935
5935
5936
5936
5937
5937
5937
5938
5939
5939
5940
5940
5941
5941
5942
5942
5943
5943
5943
5944
5944
5945
5947
5947
5949
5949
5950
5951
5951
5951
5953
5953
5954
5954
5955
5955
5955
5955
5956
5957
5958
5958
5959
5961
5961
5961
5961
5963
5963
5963
5964
5964
5964
5965
5965
5965
5966
5966
5966
5967
5968
5968
5971
5971
5973
5975
5975
5976
5977
5977
5977
5978
5978
5978
5979
5979
5979
5980
5980
5982
5982
5982
5983
5984
5984
5985
5985
5985
5985
5986
5987
5987
5989
5989
5990
5990
5991
5992
5993
5993
5994
5994
5995
5996
5996
5996
5997
5998
5998
6000
6000
6001
6001
6005
6006
6006
6006
6007
6008
6008
6009
6009
6010
6012
6014
6014
6015
6016
6016
6017
6018
6019
6020
6021
6022
6022
6024
6024
6025
6025
6025
6026
6026
6028
6029
6030
6032
6033
6033
6035
6035
6035
6036
6036
6038
6038
6040
6040
6041
6042
6043
6043
6043
6043
6044
6044
6045
6046
6046
6046
6047
6047
6047
6049
6051
6051
6051
6054
6054
6055
6056
6058
6059
6061
6061
6062
6063
6063
6063
6065
6068
6069
6069
6070
6071
6071
6071
6072
6072
6075
6075
6076
6076
6077
6077
6077
6078
6078
6079
6080
6080
6083
6083
6084
6084
6084
6085
6085
6085
6086
6086
6086
6086
6087
6088
6089
6090
6090
6091
6091
6095
6095
6096
6098
6098
6099
6099
6101
6101
6101
6102
6103
6103
6104
6104
6104
6104
6105
6105
6105
6105
6106
6107
6108
6109
6109
6110
6110
6111
6112
6113
6113
6115
6115
6116
6116
6117
6117
6119
6120
6120
6120
6121
6121
6121
6122
6123
6123
6123
6124
6125
6127
6128
6128
6128
6129
6131
6132
6133
6135
6136
6136
6137
6140
6140
6141
6141
6142
6143
6144
6144
6145
6148
6148
6148
6149
6150
6151
6152
6152
6152
6153
6153
6154
6154
6155
6155
6155
6156
6156
6157
6157
6158
6158
6158
6158
6159
6159
6160
6161
6161
6161
6161
6162
6162
6163
6163
6164
6164
6164
6165
6165
6166
6167
6169
6169
6169
6169
6170
6170
6171
6172
6173
6173
6173
6175
6175
6175
6176
6176
6177
6177
6177
6178
6178
6178
6180
6180
6181
6181
6182
6183
6183
6183
6184
6187
6188
6189
6190
6190
6190
6190
6191
6191
6191
6192
6193
6195
6196
6196
6196
6197
6198
6199
6199
6199
6200
6200
6201
6202
6203
6203
6207
6208
6208
6209
6210
6210
6211
6214
6215
6215
6215
6215
6216
6216
6217
6218
6219
6219
6220
6220
6221
6222
6222
6223
6223
6224
6224
6225
6228
6228
6228
6229
6229
6230
6230
6231
6231
6232
6232
6232
6233
6235
6236
6236
6238
6238
6238
6238
6240
6240
6240
6241
6241
6241
6242
6242
6243
6243
6243
6244
6244
6244
6245
6247
6247
6248
6249
6250
6250
6250
6250
6251
6251
6253
6253
6254
6256
6258
6258
6259
6260
6260
6260
6261
6261
6262
6265
6266
6266
6266
6267
6268
6269
6269
6270
6270
6270
6271
6271
6273
6274
6275
6276
6276
6277
6278
6278
6279
6281
6281
6282
6283
6284
6284
6286
6286
6286
6287
6288
6288
6289
6289
6290
6290
6291
6292
6296
6296
6297
6297
6297
6298
6298
6298
6298
6299
6299
6299
6299
6299
6299
6299
6300
6301
6302
6302
6304
6305
6306
6307
6309
6310
6310
6311
6313
6313
6314
6314
6316
6316
6316
6319
6320
6320
6322
6323
6325
6326
6327
6327
6327
6329
6329
6330
6331
6331
6332
6333
6335
6335
6335
6336
6336
6337
6337
6337
6338
6339
6339
6339
6341
6343
6343
6343
6344
6344
6345
6345
6345
6345
6348
6348
6349
6349
6349
6350
6355
6355
6355
6356
6356
6356
6357
6357
6358
6358
6359
6359
6360
6360
6360
6361
6362
6362
6363
6364
6365
6368
6370
6371
6371
6372
6373
6375
6375
6377
6378
6378
6379
6379
6380
6382
6382
6382
6382
6383
6383
6384
6385
6386
6386
6387
6387
6387
6387
6387
6388
6389
6389
6389
6392
6393
6393
6393
6394
6394
6395
6395
6395
6397
6397
6398
6398
6399
6399
6400
6400
6400
6401
6401
6402
6402
6402
6403
6403
6404
6405
6405
6405
6406
6406
6407
6407
6408
6408
6408
6409
6411
6412
6412
6414
6414
6419
6420
6420
6422
6422
6423
6424
6425
6429
6430
6431
6431
6431
6432
6432
6435
6435
6437
6437
6437
6439
6439
6439
6439
6439
6440
6441
6443
6444
6444
6444
6446
6446
6446
6447
6448
6448
6452
6453
6455
6456
6456
6456
6458
6459
6460
6460
6461
6462
6462
6463
6463
6463
6463
6463
6463
6463
6464
6465
6466
6466
6466
6468
6468
6469
6469
6469
6469
6470
6471
6471
6473
6473
6473
6473
6474
6475
6476
6477
6478
6478
6478
6479
6479
6479
6480
6480
6480
6481
6481
6482
6482
6482
6482
6483
6484
6484
6484
6485
6486
6486
6488
6489
6489
6490
6491
6491
6492
6492
6492
6493
6493
6493
6495
6495
6495
6495
6496
6496
6497
6497
6498
6498
6498
6499
6500
6501
6502
6502
6504
6504
6504
6505
6505
6505
6506
6506
6507
6507
6507
6507
6508
6508
6511
6513
6513
6514
6514
6515
6515
6518
6518
6518
6518
6519
6519
6520
6521
6521
6521
6522
6523
6523
6524
6525
6526
6527
6527
6529
6530
6531
6532
6534
6534
6535
6535
6536
6536
6536
6537
6539
6540
6543
6544
6544
6544
6545
6546
6547
6548
6548
6549
6549
6550
6550
6551
6551
6551
6551
6552
6552
6553
6553
6554
6554
6554
6556
6556
6557
6557
6557
6557
6558
6558
6559
6559
6559
6560
6560
6561
6562
6563
6565
6566
6566
6566
6567
6567
6569
6569
6569
6569
6570
6571
6571
6571
6571
6571
6571
6572
6573
6573
6573
6573
6574
6575
6575
6576
6577
6577
6578
6579
6579
6579
6579
6580
6580
6581
6582
6583
6584
6584
6585
6586
6586
6587
6587
6589
6590
6590
6591
6593
6593
6594
6594
6594
6594
6595
6597
6598
6598
6599
6600
6601
6601
6602
6603
6604
6605
6605
6606
6606
6608
6608
6608
6608
6610
6611
6611
6613
6614
6614
6614
6615
6616
6617
6617
6618
6618
6620
6620
6620
6621
6621
6622
6623
6623
6623
6623
6626
6627
6629
6630
6630
6631
6632
6634
6635
6636
6636
6636
6637
6637
6639
6639
6640
6640
6641
6641
6641
6642
6642
6643
6643
6643
6643
6643
6643
6643
6644
6644
6644
6644
6644
6645
6645
6646
6647
6647
6647
6647
6647
6648
6648
6648
6649
6649
6649
6649
6650
6650
6652
6652
6652
6653
6654
6654
6655
6656
6656
6657
6657
6657
6658
6659
6659
6660
6661
6663
6664
6664
6665
6668
6669
6670
6670
6670
6671
6671
6671
6671
6673
6673
6673
6673
6673
6674
6675
6675
6676
6676
6676
6677
6677
6678
6679
6679
6680
6680
6680
6681
6681
6682
6683
6683
6685
6686
6686
6687
6689
6690
6690
6691
6691
6691
6692
6692
6694
6695
6695
6695
6695
6696
6696
6698
6698
6698
6699
6699
6699
6700
6700
6701
6703
6703
6704
6705
6706
6706
6706
6706
6707
6707
6708
6711
6713
6713
6713
6715
6715
6715
6716
6716
6718
6718
6719
6720
6721
6721
6722
6722
6722
6722
6723
6723
6723
6724
6725
6725
6726
6728
6730
6730
6730
6731
6731
6733
6735
6735
6737
6737
6738
6740
6741
6741
6741
6742
6743
6743
6744
6744
6745
6746
6748
6748
6748
6748
6748
6750
6750
6750
6751
6751
6752
6752
6752
6753
6754
6754
6754
6756
6756
6756
6756
6756
6757
6757
6757
6757
6757
6759
6760
6762
6763
6763
6764
6764
6764
6765
6766
6766
6766
6767
6768
6768
6768
6770
6771
6772
6775
6775
6775
6776
6777
6777
6777
6778
6779
6780
6781
6781
6781
6782
6783
6783
6783
6784
6785
6785
6786
6786
6787
6787
6788
6788
6789
6790
6790
6790
6791
6791
6792
6792
6793
6793
6794
6797
6797
6797
6797
6797
6798
6798
6798
6798
6799
6800
6800
6800
6800
6801
6802
6803
6803
6804
6805
6806
6806
6808
6809
6810
6810
6811
6812
6812
6812
6812
6812
6813
6813
6813
6814
6814
6815
6816
6817
6817
6818
6818
6819
6820
6820
6821
6821
6821
6821
6822
6822
6823
6824
6824
6825
6826
6826
6828
6828
6828
6829
6829
6830
6830
6830
6831
6831
6831
6831
6832
6832
6832
6833
6833
6836
6837
6838
6839
6839
6840
6840
6840
6841
6842
6842
6842
6843
6843
6844
6845
6845
6845
6846
6846
6846
6847
6847
6855
6856
6857
6857
6859
6859
6859
6860
6860
6860
6862
6862
6862
6864
6865
6865
6865
6866
6867
6867
6868
6868
6869
6870
6871
6873
6873
6873
6873
6874
6875
6875
6876
6876
6876
6877
6877
6878
6878
6879
6879
6879
6879
6881
6882
6882
6884
6885
6885
6885
6885
6885
6886
6886
6886
6887
6887
6888
6888
6888
6889
6889
6891
6894
6895
6897
6897
6897
6898
6899
6900
6902
6902
6904
6905
6906
6906
6907
6907
6909
6909
6909
6910
6910
6911
6911
6912
6912
6912
6912
6915
6915
6916
6916
6916
6916
6918
6918
6918
6919
6920
6921
6921
6921
6922
6924
6925
6925
6926
6926
6926
6927
6927
6928
6928
6930
6930
6932
6933
6933
6934
6935
6936
6937
6937
6937
6938
6939
6940
6940
6941
6941
6941
6942
6942
6943
6946
6946
6946
6946
6947
6948
6949
6949
6950
6952
6954
6954
6956
6956
6957
6957
6958
6958
6959
6962
6962
6963
6964
6964
6965
6965
6966
6966
6967
6968
6970
6971
6971
6971
6972
6972
6975
6976
6976
6977
6978
6978
6978
6979
6980
6980
6980
6980
6981
6981
6981
6982
6983
6985
6989
6989
6990
6991
6992
6992
6992
6993
6994
6994
6996
6996
6998
6998
6999
6999
7000
7001
7003
7004
7004
7005
7005
7005
7006
7006
7007
7009
7010
7010
7010
7010
7012
7012
7013
7013
7013
7014
7014
7014
7014
7015
7015
7017
7017
7018
7018
7019
7020
7021
7021
7022
7023
7024
7026
7026
7027
7027
7028
7029
7030
7030
7031
7031
7033
7035
7036
7036
7036
7037
7037
7037
7038
7041
7042
7043
7043
7044
7044
7044
7044
7045
7045
7045
7046
7047
7047
7047
7048
7048
7049
7049
7050
7050
7051
7051
7052
7052
7053
7053
7054
7055
7055
7056
7057
7059
7059
7059
7059
7060
7060
7061
7062
7062
7062
7063
7063
7064
7065
7065
7066
7066
7066
7067
7067
7068
7070
7070
7071
7073
7073
7073
7074
7074
7074
7078
7078
7078
7078
7079
7080
7080
7081
7081
7082
7082
7082
7083
7084
7084
7085
7085
7086
7086
7087
7087
7087
7089
7092
7092
7092
7093
7094
7094
7095
7095
7096
7097
7097
7098
7098
7098
7099
7099
7103
7103
7104
7105
7106
7106
7106
7108
7108
7109
7109
7109
7109
7111
7111
7111
7111
7114
7114
7115
7115
7115
7116
7117
7119
7119
7119
7119
7121
7122
7124
7124
7125
7125
7125
7125
7126
7127
7127
7127
7128
7129
7129
7131
7131
7132
7132
7133
7133
7133
7134
7134
7134
7136
7136
7136
7139
7140
7140
7141
7141
7141
7142
7142
7142
7143
7144
7144
7144
7144
7145
7146
7146
7147
7148
7149
7150
7150
7150
7150
7152
7152
7152
7152
7153
7153
7155
7156
7156
7156
7157
7157
7158
7158
7159
7160
7161
7161
7162
7162
7163
7164
7164
7164
7166
7166
7167
7168
7169
7169
7170
7170
7171
7172
7173
7173
7175
7175
7177
7177
7178
7178
7179
7179
7179
7179
7180
7181
7181
7181
7181
7181
7182
7183
7184
7185
7185
7185
7186
7187
7187
7188
7188
7189
7190
7191
7191
7192
7193
7193
7196
7196
7196
7198
7200
7200
7200
7200
7200
7200
7201
7201
7202
7204
7204
7206
7206
7210
7210
7211
7211
7211
7212
7212
7212
7213
7213
7214
7214
7215
7216
7216
7217
7217
7217
7217
7218
7218
7218
7219
7220
7221
7222
7222
7223
7223
7224
7224
7225
7226
7226
7226
7227
7227
7227
7228
7229
7229
7230
7230
7230
7230
7231
7231
7232
7233
7235
7236
7236
7236
7238
7239
7243
7244
7246
7248
7248
7248
7249
7249
7249
7250
7250
7250
7251
7252
7255
7255
7256
7256
7256
7257
7257
7257
7258
7258
7259
7260
7261
7262
7262
7262
7262
7262
7262
7263
7264
7264
7264
7264
7265
7265
7266
7266
7267
7268
7268
7268
7269
7269
7270
7270
7270
7271
7271
7273
7273
7273
7274
7275
7275
7276
7277
7279
7279
7280
7280
7281
7282
7283
7284
7284
7285
7286
7286
7287
7287
7287
7288
7289
7289
7291
7291
7292
7293
7294
7294
7295
7295
7295
7298
7299
7300
7300
7300
7301
7304
7304
7304
7305
7305
7307
7307
7307
7308
7308
7308
7309
7310
7310
7311
7312
7313
7313
7313
7314
7315
7315
7315
7317
7319
7319
7319
7320
7320
7320
7320
7321
7321
7321
7322
7323
7323
7323
7325
7325
7325
7326
7326
7327
7327
7327
7328
7329
7329
7329
7331
7331
7331
7331
7332
7332
7334
7334
7335
7336
7337
7337
7337
7338
7339
7339
7339
7340
7342
7342
7342
7343
7345
7346
7348
7349
7349
7349
7351
7351
7352
7352
7353
7354
7354
7356
7357
7357
7358
7359
7360
7361
7362
7362
7363
7363
7364
7364
7364
7364
7366
7367
7367
7367
7368
7368
7369
7369
7369
7370
7370
7371
7371
7372
7373
7373
7373
7373
7374
7375
7376
7380
7380
7381
7382
7382
7382
7382
7382
7383
7383
7384
7384
7387
7389
7389
7390
7390
7391
7391
7392
7392
7392
7393
7393
7393
7393
7394
7394
7395
7395
7397
7398
7399
7399
7400
7401
7402
7402
7402
7403
7403
7405
7405
7406
7407
7408
7408
7409
7410
7410
7410
7411
7411
7411
7412
7413
7413
7414
7415
7416
7416
7416
7417
7417
7419
7421
7421
7422
7422
7422
7422
7423
7424
7424
7425
7425
7425
7425
7427
7427
7427
7427
7428
7429
7430
7430
7430
7431
7432
7433
7433
7434
7434
7434
7435
7435
7435
7436
7436
7439
7440
7440
7441
7441
7441
7442
7442
7442
7443
7443
7444
7444
7444
7444
7445
7446
7447
7447
7448
7448
7448
7448
7450
7450
7450
7451
7452
7452
7453
7454
7455
7455
7456
7456
7457
7458
7458
7458
7458
7458
7458
7460
7460
7460
7460
7461
7462
7462
7463
7463
7463
7463
7463
7464
7464
7465
7466
7466
7466
7467
7468
7469
7469
7469
7470
7470
7471
7472
7472
7474
7476
7476
7476
7476
7477
7479
7479
7480
7480
7480
7480
7481
7481
7481
7482
7483
7483
7483
7484
7484
7485
7485
7485
7485
7486
7488
7488
7489
7490
7490
7491
7493
7493
7493
7494
7494
7494
7495
7496
7496
7496
7497
7497
7497
7499
7499
7499
7500
7501
7501
7501
7503
7503
7504
7504
7505
7506
7507
7509
7510
7510
7510
7511
7511
7512
7513
7515
7515
7516
7517
7517
7518
7519
7519
7520
7520
7520
7521
7522
7522
7523
7523
7524
7525
7525
7525
7526
7526
7527
7527
7529
7529
7529
7530
7530
7531
7532
7533
7533
7533
7533
7534
7536
7536
7536
7536
7537
7537
7537
7537
7538
7539
7541
7541
7542
7543
7543
7543
7544
7544
7545
7546
7547
7547
7549
7549
7550
7550
7550
7550
7551
7551
7551
7552
7552
7552
7553
7553
7553
7554
7554
7554
7554
7555
7556
7557
7559
7560
7561
7561
7562
7562
7564
7564
7565
7566
7566
7566
7568
7569
7569
7569
7570
7570
7572
7572
7572
7573
7575
7575
7576
7576
7576
7577
7577
7577
7577
7580
7580
7582
7582
7583
7583
7583
7584
7584
7584
7585
7586
7587
7587
7588
7588
7588
7588
7589
7589
7590
7591
7592
7593
7596
7596
7597
7597
7598
7598
7600
7601
7601
7602
7603
7603
7603
7604
7604
7605
7606
7608
7608
7608
7609
7609
7609
7610
7612
7613
7614
7614
7615
7615
7616
7617
7617
7617
7618
7619
7620
7621
7621
7622
7623
7624
7625
7625
7625
7626
7628
7629
7630
7630
7631
7633
7633
7634
7634
7635
7635
7636
7637
7637
7638
7638
7638
7638
7639
7642
7644
7645
7646
7647
7647
7648
7648
7648
7648
7649
7650
7651
7652
7652
7653
7654
7655
7655
7655
7656
7656
7656
7657
7658
7658
7660
7660
7661
7662
7663
7663
7664
7664
7664
7667
7667
7668
7669
7669
7669
7670
7670
7670
7671
7671
7671
7672
7672
7674
7674
7675
7676
7678
7678
7678
7678
7679
7679
7680
7681
7681
7682
7683
7683
7683
7684
7684
7685
7685
7686
7686
7686
7686
7686
7687
7687
7687
7690
7691
7692
7692
7693
7694
7694
7696
7696
7696
7699
7699
7701
7701
7702
7703
7703
7704
7705
7706
7706
7707
7708
7710
7712
7712
7712
7713
7714
7714
7714
7714
7715
7716
7716
7717
7719
7719
7720
7720
7720
7721
7721
7722
7722
7723
7723
7723
7723
7723
7724
7724
7725
7726
7726
7726
7727
7729
7729
7730
7730
7730
7731
7731
7734
7735
7735
7735
7735
7736
7736
7736
7737
7737
7738
7739
7741
7741
7743
7745
7747
7747
7747
7748
7748
7749
7749
7749
7749
7750
7751
7751
7753
7754
7754
7754
7754
7755
7755
7757
7757
7758
7758
7758
7759
7760
7760
7760
7760
7761
7761
7762
7762
7763
7763
7764
7764
7764
7764
7765
7766
7767
7767
7768
7768
7768
7768
7770
7772
7772
7773
7774
7774
7774
7774
7775
7775
7776
7776
7776
7776
7779
7779
7780
7781
7781
7782
7782
7783
7783
7783
7784
7784
7784
7784
7784
7785
7785
7786
7788
7789
7790
7790
7790
7791
7793
7795
7796
7797
7798
7799
7800
7801
7801
7801
7801
7802
7803
7803
7803
7804
7804
7804
7804
7805
7806
7807
7807
7808
7808
7809
7809
7810
7811
7812
7812
7813
7813
7814
7814
7815
7815
7816
7816
7816
7817
7817
7817
7818
7818
7819
7819
7819
7819
7820
7820
7823
7823
7824
7824
7825
7825
7826
7827
7828
7829
7830
7830
7831
7831
7833
7834
7834
7835
7835
7836
7836
7837
7838
7839
7839
7841
7841
7842
7843
7844
7844
7846
7847
7847
7847
7847
7848
7848
7848
7849
7849
7850
7850
7852
7852
7853
7853
7854
7854
7855
7855
7855
7858
7859
7859
7860
7860
7860
7861
7861
7861
7861
7862
7862
7862
7863
7864
7865
7865
7866
7866
7866
7866
7867
7867
7867
7868
7868
7869
7870
7871
7871
7872
7873
7873
7873
7873
7873
7874
7874
7874
7876
7877
7878
7878
7879
7879
7881
7882
7883
7884
7885
7886
7886
7887
7887
7887
7887
7888
7892
7894
7894
7894
7895
7895
7898
7900
7901
7901
7901
7902
7903
7903
7904
7904
7905
7905
7906
7906
7906
7908
7909
7909
7909
7909
7910
7910
7912
7913
7914
7914
7915
7916
7917
7917
7918
7918
7919
7919
7920
7920
7921
7921
7921
7922
7923
7923
7923
7923
7923
7923
7924
7925
7926
7926
7926
7926
7926
7926
7926
7927
7928
7928
7929
7929
7930
7930
7930
7932
7932
7933
7933
7933
7933
7934
7934
7935
7937
7937
7937
7938
7938
7939
7939
7941
7942
7943
7944
7944
7945
7945
7946
7947
7947
7948
7951
7951
7951
7952
7953
7953
7953
7954
7955
7956
7957
7958
7958
7959
7960
7960
7960
7961
7961
7962
7962
7962
7963
7963
7964
7964
7964
7965
7965
7966
7966
7967
7968
7968
7968
7968
7969
7970
7970
7970
7971
7972
7973
7973
7974
7974
7974
7975
7975
7975
7977
7978
7979
7979
7979
7980
7981
7981
7981
7982
7983
7983
7983
7984
7984
7986
7986
7987
7987
7988
7988
7988
7989
7989
7990
7991
7991
7993
7994
7996
7997
7997
7999
8000
8000
8000
8001
8002
8002
8002
8003
8004
8006
8006
8007
8007
8008
8009
8009
8009
8010
8010
8010
8010
8012
8012
8012
8013
8014
8015
8015
8015
8015
8015
8016
8016
8016
8016
8016
8018
8019
8019
8019
8019
8020
8021
8021
8021
8023
8023
8024
8024
8024
8024
8025
8025
8025
8026
8026
8026
8026
8027
8028
8028
8029
8030
8030
8030
8030
8030
8032
8034
8035
8036
8036
8037
8037
8039
8039
8039
8042
8042
8043
8045
8045
8045
8046
8046
8047
8049
8049
8050
8052
8052
8052
8052
8052
8054
8054
8056
8057
8058
8058
8059
8059
8060
8061
8061
8061
8061
8062
8062
8062
8063
8063
8063
8063
8066
8066
8066
8067
8067
8067
8068
8068
8069
8070
8071
8071
8073
8073
8074
8074
8074
8075
8075
8076
8076
8078
8078
8079
8079
8079
8079
8079
8079
8080
8080
8081
8083
8083
8083
8084
8084
8084
8086
8087
8087
8088
8088
8089
8089
8089
8090
8091
8092
8092
8092
8093
8095
8095
8095
8097
8097
8098
8098
8098
8099
8099
8101
8102
8102
8102
8103
8104
8104
8105
8106
8107
8107
8108
8109
8109
8109
8109
8110
8111
8111
8113
8113
8113
8114
8115
8116
8117
8117
8118
8118
8119
8120
8121
8121
8121
8121
8121
8121
8121
8121
8122
8123
8126
8127
8128
8128
8131
8132
8132
8133
8133
8135
8135
8136
8137
8137
8138
8138
8139
8140
8140
8140
8141
8141
8142
8143
8146
8147
8147
8147
8147
8148
8149
8149
8149
8151
8151
8151
8151
8151
8153
8153
8155
8156
8156
8156
8158
8159
8159
8161
8161
8162
8163
8164
8164
8164
8164
8164
8165
8167
8168
8168
8169
8169
8169
8170
8171
8171
8171
8171
8171
8172
8173
8173
8175
8175
8176
8176
8178
8179
8179
8179
8180
8180
8180
8181
8181
8181
8181
8183
8185
8185
8186
8186
8187
8187
8188
8188
8188
8190
8192
8192
8194
8194
8194
8195
8196
8197
8198
8198
8199
8199
8201
8201
8201
8201
8202
8203
8204
8205
8205
8206
8206
8207
8208
8208
8208
8209
8209
8209
8209
8209
8209
8211
8211
8213
8213
8213
8214
8214
8214
8215
8217
8218
8219
8220
8220
8223
8223
8224
8225
8226
8228
8228
8229
8229
8230
8230
8231
8231
8232
8233
8233
8233
8234
8234
8235
8235
8236
8236
8237
8238
8239
8241
8241
8242
8243
8243
8246
8247
8249
8249
8250
8250
8252
8253
8253
8254
8254
8254
8255
8256
8256
8257
8258
8260
8260
8260
8260
8261
8262
8262
8262
8262
8263
8263
8264
8264
8265
8265
8266
8267
8268
8271
8274
8275
8275
8276
8276
8276
8277
8280
8280
8281
8282
8283
8284
8284
8285
8286
8287
8288
8288
8289
8290
8291
8291
8291
8292
8292
8294
8294
8294
8294
8295
8296
8296
8297
8298
8298
8299
8299
8299
8300
8301
8301
8301
8301
8302
8302
8302
8302
8303
8303
8304
8304
8305
8305
8306
8307
8307
8308
8308
8309
8309
8310
8311
8311
8312
8312
8312
8313
8314
8314
8315
8316
8317
8317
8318
8318
8320
8321
8321
8321
8322
8323
8323
8324
8325
8325
8326
8326
8326
8327
8328
8329
8329
8329
8329
8332
8332
8334
8334
8334
8334
8335
8337
8338
8339
8339
8341
8341
8342
8343
8343
8343
8344
8345
8345
8345
8345
8346
8346
8347
8347
8347
8347
8348
8348
8348
8349
8351
8352
8353
8354
8354
8355
8356
8356
8356
8357
8358
8358
8358
8359
8360
8360
8360
8362
8362
8363
8364
8365
8365
8365
8366
8367
8367
8368
8368
8369
8372
8373
8374
8374
8374
8375
8376
8377
8377
8378
8378
8378
8379
8380
8380
8380
8380
8381
8381
8382
8382
8382
8382
8383
8383
8384
8384
8386
8386
8387
8387
8387
8388
8388
8389
8390
8390
8390
8391
8392
8393
8394
8395
8396
8396
8397
8398
8399
8399
8400
8401
8401
8403
8403
8404
8405
8405
8405
8405
8406
8406
8406
8406
8408
8409
8409
8410
8410
8410
8411
8411
8411
8412
8412
8413
8413
8413
8414
8414
8414
8415
8416
8417
8419
8420
8421
8422
8422
8425
8426
8426
8426
8430
8430
8431
8431
8432
8432
8433
8434
8434
8435
8435
8435
8436
8436
8437
8437
8437
8438
8439
8439
8440
8441
8441
8442
8442
8444
8447
8447
8448
8448
8449
8449
8450
8451
8451
8451
8452
8453
8454
8455
8455
8455
8456
8456
8457
8457
8459
8459
8460
8460
8461
8462
8462
8462
8462
8463
8463
8464
8464
8466
8466
8466
8466
8466
8468
8469
8469
8470
8471
8472
8472
8476
8476
8477
8478
8479
8480
8481
8481
8482
8482
8483
8483
8490
8490
8491
8492
8492
8493
8494
8494
8494
8495
8495
8496
8496
8496
8496
8497
8497
8498
8498
8498
8498
8499
8500
8500
8500
8500
8502
8503
8503
8503
8504
8505
8506
8506
8507
8508
8508
8509
8509
8510
8511
8511
8514
8514
8514
8514
8515
8515
8515
8516
8516
8516
8517
8517
8518
8519
8519
8520
8520
8520
8520
8521
8521
8521
8521
8523
8525
8525
8526
8526
8526
8527
8528
8528
8529
8530
8530
8530
8532
8533
8534
8535
8536
8536
8536
8536
8537
8538
8538
8538
8538
8538
8539
8539
8539
8539
8540
8541
8542
8543
8543
8544
8544
8545
8545
8546
8546
8548
8548
8549
8549
8550
8550
8552
8553
8553
8554
8555
8556
8557
8557
8558
8560
8560
8560
8562
8563
8563
8563
8563
8564
8566
8567
8567
8568
8569
8569
8569
8570
8570
8571
8572
8574
8574
8576
8577
8577
8578
8578
8579
8585
8586
8587
8587
8588
8588
8588
8589
8590
8590
8590
8591
8591
8591
8591
8591
8591
8591
8592
8593
8594
8595
8596
8596
8596
8597
8597
8597
8598
8598
8598
8599
8599
8600
8600
8600
8602
8602
8602
8602
8604
8605
8605
8606
8607
8608
8608
8609
8609
8610
8610
8610
8610
8611
8611
8613
8614
8615
8615
8616
8616
8616
8618
8618
8619
8619
8619
8619
8620
8620
8621
8621
8621
8622
8622
8624
8625
8627
8628
8629
8629
8630
8630
8631
8632
8633
8633
8633
8633
8634
8634
8634
8635
8635
8635
8635
8636
8636
8639
8640
8641
8641
8642
8642
8642
8642
8643
8643
8643
8644
8645
8645
8646
8648
8649
8649
8650
8651
8653
8653
8653
8654
8654
8657
8657
8657
8660
8662
8662
8663
8663
8663
8664
8666
8666
8666
8666
8667
8667
8667
8668
8671
8671
8672
8675
8675
8675
8677
8677
8678
8678
8678
8678
8679
8680
8680
8681
8682
8682
8682
8682
8682
8683
8683
8684
8686
8686
8688
8688
8688
8688
8689
8690
8690
8690
8691
8692
8693
8693
8694
8695
8695
8696
8698
8699
8700
8701
8701
8702
8702
8703
8704
8705
8707
8708
8708
8708
8708
8709
8711
8711
8712
8712
8712
8713
8713
8713
8713
8713
8713
8715
8715
8715
8716
8717
8718
8721
8721
8723
8723
8723
8723
8725
8725
8726
8726
8727
8727
8728
8728
8728
8729
8730
8730
8731
8731
8731
8733
8734
8737
8737
8738
8738
8739
8739
8740
8742
8742
8744
8744
8745
8746
8748
8748
8749
8749
8749
8750
8750
8751
8751
8751
8751
8752
8753
8755
8755
8755
8756
8757
8758
8760
8763
8763
8763
8764
8764
8764
8766
8766
8766
8767
8767
8768
8769
8769
8770
8770
8771
8771
8771
8772
8772
8772
8772
8776
8776
8777
8777
8778
8779
8779
8779
8780
8780
8780
8781
8782
8782
8784
8784
8785
8787
8789
8789
8790
8790
8791
8793
8793
8793
8793
8794
8794
8794
8794
8794
8794
8795
8795
8795
8797
8798
8798
8799
8800
8800
8801
8801
8802
8805
8805
8806
8807
8807
8808
8808
8808
8809
8810
8812
8812
8812
8812
8812
8813
8816
8816
8817
8818
8818
8818
8818
8820
8821
8822
8822
8823
8824
8825
8825
8827
8827
8827
8828
8830
8831
8833
8834
8835
8836
8836
8838
8841
8842
8842
8842
8843
8843
8843
8843
8844
8844
8845
8845
8845
8845
8845
8846
8848
8848
8849
8851
8851
8851
8851
8851
8852
8854
8855
8855
8856
8858
8859
8859
8860
8860
8862
8862
8863
8863
8863
8864
8865
8866
8867
8867
8867
8868
8868
8870
8871
8872
8874
8876
8876
8877
8877
8877
8878
8878
8879
8880
8880
8881
8881
8882
8882
8882
8883
8883
8885
8886
8886
8887
8888
8890
8890
8890
8891
8891
8894
8894
8894
8894
8895
8895
8896
8898
8899
8899
8899
8900
8900
8900
8900
8902
8902
8904
8905
8906
8906
8906
8908
8908
8908
8909
8909
8912
8913
8916
8916
8918
8920
8921
8921
8921
8922
8922
8923
8923
8924
8925
8926
8926
8927
8927
8928
8928
8929
8929
8929
8930
8930
8930
8930
8930
8931
8932
8932
8932
8933
8933
8935
8937
8937
8938
8939
8939
8939
8940
8941
8941
8942
8943
8943
8944
8945
8946
8946
8946
8946
8947
8947
8947
8947
8948
8949
8949
8950
8950
8950
8951
8953
8953
8954
8954
8955
8955
8956
8956
8957
8958
8958
8959
8960
8961
8962
8963
8963
8964
8965
8965
8967
8967
8967
8970
8973
8974
8975
8975
8977
8978
8979
8979
8980
8980
8981
8981
8982
8982
8983
8983
8984
8984
8985
8986
8987
8989
8991
8991
8991
8992
8992
8992
8993
8994
8996
8997
8997
8998
8999
8999
8999
9000
9000
9000
9000
9001
9002
9003
9004
9004
9005
9006
9006
9008
9009
9009
9010
9010
9011
9012
9012
9012
9013
9014
9015
9017
9017
9017
9018
9019
9019
9019
9020
9020
9020
9020
9021
9022
9023
9023
9025
9025
9026
9027
9027
9028
9029
9032
9032
9032
9033
9033
9033
9035
9036
9036
9037
9037
9039
9040
9040
9040
9041
9041
9041
9041
9042
9044
9044
9044
9044
9045
9045
9045
9045
9045
9045
9046
9046
9046
9046
9047
9047
9048
9049
9049
9050
9051
9052
9052
9053
9054
9054
9056
9056
9058
9058
9061
9061
9062
9062
9063
9065
9065
9066
9066
9067
9068
9069
9069
9070
9072
9072
9073
9074
9074
9076
9076
9078
9078
9078
9079
9079
9079
9080
9080
9080
9081
9081
9081
9082
9082
9082
9083
9083
9083
9086
9087
9087
9088
9088
9089
9091
9092
9092
9094
9095
9096
9097
9099
9099
9099
9100
9100
9102
9102
9102
9102
9103
9103
9103
9104
9104
9105
9106
9106
9106
9106
9107
9108
9109
9110
9111
9112
9112
9113
9114
9114
9115
9115
9115
9116
9117
9117
9119
9119
9119
9120
9120
9121
9122
9122
9122
9126
9127
9127
9128
9129
9129
9130
9131
9132
9132
9132
9134
9135
9136
9137
9138
9138
9139
9140
9140
9141
9141
9141
9141
9142
9142
9143
9143
9143
9143
9144
9144
9145
9145
9145
9145
9145
9145
9146
9146
9146
9147
9148
9149
9149
9150
9151
9151
9151
9151
9151
9151
9152
9152
9152
9156
9158
9159
9160
9160
9161
9161
9161
9161
9162
9164
9164
9165
9165
9166
9167
9167
9167
9168
9168
9168
9170
9172
9173
9173
9173
9174
9176
9176
9177
9179
9180
9181
9182
9183
9183
9183
9183
9184
9186
9187
9187
9188
9188
9189
9191
9192
9194
9194
9194
9195
9195
9196
9196
9197
9198
9199
9200
9200
9200
9201
9202
9203
9203
9204
9205
9205
9205
9206
9206
9206
9206
9208
9210
9212
9214
9214
9214
9214
9215
9217
9217
9217
9218
9219
9220
9220
9222
9222
9222
9224
9225
9225
9225
9226
9226
9227
9227
9230
9230
9230
9231
9231
9232
9233
9234
9234
9234
9235
9235
9237
9238
9238
9239
9239
9239
9240
9240
9241
9241
9242
9242
9243
9244
9244
9246
9246
9247
9247
9247
9248
9248
9248
9249
9250
9250
9250
9251
9252
9252
9253
9253
9254
9255
9255
9255
9257
9257
9257
9258
9259
9259
9259
9260
9261
9262
9264
9264
9264
9265
9265
9266
9266
9267
9268
9268
9269
9270
9270
9270
9271
9272
9272
9273
9274
9276
9277
9277
9277
9278
9280
9281
9282
9282
9283
9283
9284
9287
9289
9289
9289
9289
9289
9290
9290
9290
9292
9293
9293
9294
9296
9298
9298
9301
9302
9303
9303
9304
9305
9305
9306
9306
9307
9307
9310
9311
9311
9312
9313
9314
9316
9316
9316
9316
9316
9318
9320
9320
9321
9323
9323
9326
9327
9327
9328
9328
9329
9329
9330
9331
9331
9332
9332
9335
9335
9337
9337
9337
9338
9338
9339
9339
9340
9340
9341
9342
9342
9343
9344
9345
9347
9350
9350
9350
9351
9351
9351
9352
9352
9353
9354
9355
9355
9355
9356
9356
9357
9357
9357
9357
9358
9359
9359
9360
9360
9363
9363
9364
9364
9365
9365
9365
9367
9367
9367
9368
9369
9371
9371
9372
9374
9375
9375
9376
9376
9378
9378
9378
9378
9378
9380
9381
9381
9382
9383
9384
9384
9387
9387
9387
9387
9387
9388
9388
9388
9389
9390
9390
9391
9391
9391
9391
9391
9392
9392
9393
9395
9396
9397
9398
9398
9398
9398
9399
9399
9400
9400
9401
9401
9401
9401
9404
9404
9404
9405
9406
9406
9408
9408
9410
9410
9410
9411
9413
9415
9415
9415
9416
9416
9416
9416
9416
9417
9417
9418
9419
9421
9422
9422
9423
9423
9423
9424
9424
9424
9425
9426
9426
9427
9428
9428
9429
9430
9431
9433
9433
9434
9434
9435
9435
9436
9438
9440
9441
9441
9441
9442
9443
9443
9443
9444
9444
9444
9444
9446
9447
9447
9448
9449
9449
9449
9450
9451
9451
9451
9451
9453
9453
9457
9457
9458
9459
9460
9461
9462
9464
9464
9465
9466
9466
9467
9468
9469
9469
9469
9470
9470
9470
9471
9472
9472
9474
9474
9474
9474
9475
9475
9475
9476
9477
9477
9478
9478
9479
9479
9480
9482
9484
9486
9486
9487
9488
9488
9488
9489
9490
9494
9494
9495
9496
9497
9497
9499
9501
9502
9502
9502
9502
9503
9505
9505
9506
9507
9507
9509
9509
9509
9510
9510
9511
9512
9512
9514
9515
9516
9516
9518
9519
9520
9520
9520
9520
9521
9521
9521
9524
9525
9525
9526
9527
9528
9528
9528
9529
9529
9529
9530
9530
9530
9530
9531
9532
9532
9532
9532
9536
9537
9537
9538
9538
9538
9539
9540
9540
9540
9540
9541
9541
9542
9543
9543
9543
9544
9544
9544
9545
9545
9545
9546
9546
9546
9546
9548
9548
9548
9548
9548
9549
9549
9550
9550
9551
9551
9551
9552
9552
9553
9553
9555
9556
9556
9556
9557
9557
9557
9558
9558
9558
9560
9561
9563
9565
9566
9566
9566
9569
9569
9570
9572
9572
9572
9573
9574
9574
9575
9578
9583
9584
9585
9585
9585
9585
9586
9586
9587
9587
9587
9588
9589
9589
9589
9589
9590
9591
9591
9592
9592
9593
9593
9593
9595
9598
9599
9600
9600
9600
9601
9602
9602
9604
9605
9606
9606
9606
9606
9607
9607
9610
9612
9612
9612
9614
9614
9615
9615
9616
9616
9617
9618
9618
9619
9619
9620
9622
9623
9623
9623
9624
9624
9624
9624
9624
9627
9627
9629
9630
9631
9631
9631
9632
9633
9633
9635
9635
9635
9635
9636
9636
9637
9637
9638
9638
9638
9640
9641
9641
9643
9643
9644
9645
9645
9646
9646
9647
9648
9649
9649
9649
9649
9649
9649
9649
9649
9650
9650
9651
9651
9652
9652
9652
9652
9653
9654
9655
9655
9657
9657
9660
9660
9661
9661
9661
9662
9663
9663
9663
9664
9665
9665
9666
9666
9666
9667
9669
9669
9670
9671
9671
9671
9672
9673
9674
9674
9674
9675
9676
9676
9676
9677
9677
9678
9680
9680
9681
9682
9682
9683
9683
9683
9684
9685
9686
9686
9687
9689
9689
9692
9692
9694
9694
9695
9695
9695
9697
9698
9698
9698
9698
9699
9699
9701
9702
9702
9703
9703
9704
9704
9705
9705
9707
9707
9707
9707
9708
9709
9709
9710
9710
9711
9712
9712
9712
9713
9714
9714
9714
9715
9716
9716
9716
9718
9719
9720
9721
9723
9724
9724
9724
9725
9726
9727
9727
9727
9728
9728
9728
9729
9729
9730
9731
9731
9732
9733
9734
9736
9736
9738
9738
9738
9738
9739
9740
9741
9741
9742
9742
9742
9743
9743
9743
9744
9744
9745
9746
9746
9749
9749
9750
9751
9751
9751
9751
9752
9753
9753
9753
9755
9755
9756
9756
9756
9756
9757
9758
9758
9758
9758
9758
9759
9759
9762
9764
9764
9765
9765
9765
9767
9767
9768
9768
9768
9769
9773
9773
9773
9774
9777
9777
9777
9777
9778
9778
9778
9779
9779
9780
9783
9783
9783
9785
9786
9788
9788
9789
9790
9791
9791
9792
9794
9796
9797
9797
9798
9798
9799
9799
9800
9802
9802
9802
9802
9802
9803
9803
9803
9804
9804
9805
9806
9808
9808
9810
9810
9810
9811
9811
9812
9812
9812
9813
9813
9815
9815
9816
9817
9818
9818
9819
9820
9820
9820
9821
9821
9822
9822
9823
9823
9825
9826
9827
9827
9828
9828
9829
9831
9831
9832
9832
9833
9833
9834
9838
9839
9839
9839
9840
9840
9841
9841
9843
9844
9845
9845
9845
9846
9846
9846
9846
9847
9847
9848
9850
9850
9851
9852
9853
9853
9855
9855
9856
9857
9858
9859
9859
9860
9861
9861
9861
9861
9863
9864
9865
9865
9866
9867
9867
9867
9869
9870
9870
9871
9871
9872
9873
9877
9877
9879
9879
9879
9880
9882
9882
9883
9884
9885
9886
9886
9886
9887
9888
9888
9888
9889
9889
9889
9890
9891
9893
9893
9893
9895
9896
9897
9897
9899
9902
9902
9902
9905
9906
9906
9907
9907
9908
9909
9909
9909
9909
9909
9911
9912
9912
9913
9913
9913
9913
9914
9914
9916
9916
9917
9917
9919
9920
9921
9921
9922
9923
9923
9923
9923
9925
9925
9926
9926
9927
9928
9928
9928
9929
9930
9931
9931
9931
9932
9932
9932
9933
9935
9936
9936
9937
9938
9940
9940
9940
9941
9941
9941
9941
9943
9943
9944
9944
9945
9945
9948
9948
9949
9950
9951
9952
9952
9954
9954
9956
9956
9957
9959
9959
9959
9959
9961
9961
9962
9962
9963
9963
9964
9964
9966
9966
9967
9967
9967
9967
9968
9968
9968
9969
9969
9970
9970
9970
9971
9971
9971
9974
9974
9974
9974
9975
9975
9976
9977
9982
9983
9984
9985
9985
9985
9985
9986
9986
9987
9987
9988
9989
9989
9991
9991
9991
9992
9992
9993
9993
9994
9994
9995
9995
9995
9995
9995
9996
9997
9997
9998
9999
9999
