133 132 236056
133 131 224163
133 130 983761
133 137 461189
133 135 956124
133 129 1044917
133 24 652847
133 92 819105
133 20 1361916
133 22 115693
133 97 850914
133 8 528652
133 121 932185
133 122 157752
133 124 794307
133 126 848127
133 127 1268543
133 2 1077776
133 59 256741
133 58 891326
133 55 1242372
133 57 1287831
133 56 217344
133 51 677038
133 50 1326652
133 53 225462
133 147 60038
133 195 795753
133 191 1267478
133 190 965626
133 115 899432
133 68 744145
133 88 1186997
133 116 819061
133 111 373851
133 110 753555
133 113 462242
133 112 1144179
133 81 191893
133 119 392426
133 108 1045439
133 109 871089
133 100 639827
133 107 296399
133 39 963698
133 38 394177
133 33 832347
133 32 1194048
133 31 417814
133 30 87364
133 37 600046
133 36 139203
133 35 580700
133 60 875821
133 61 925962
133 62 919716
133 63 1343975
133 177 304652
133 170 1219543
133 182 1205189
133 183 315687
133 180 232736
133 181 1339001
133 186 136949
133 184 127236
133 6 211329
133 188 1338949
133 99 684658
133 98 974240
133 169 847861
133 91 1002337
133 165 93794
133 167 897359
133 161 194213
133 162 95633
133 96 747420
133 10 348434
133 12 402204
133 14 376516
133 16 563501
133 19 1276263
133 150 1258462
133 153 1207082
133 152 380972
133 155 928221
133 46 824758
133 47 1320951
133 44 219248
133 42 563142
133 43 143076
133 41 1191460
133 1 1284721
133 9 968414
133 146 318461
133 200 328174
133 144 737073
133 143 755141
133 140 1031826
133 141 463691
133 148 510952
133 77 686258
133 76 441415
133 73 1126741
133 72 217554
132 131 1178819
132 130 360789
132 137 17678
132 135 235306
132 24 809430
132 26 692777
132 92 813852
132 20 1269435
132 22 1176018
132 162 365029
132 8 1135030
132 96 386937
132 121 82267
132 122 1174703
132 124 284207
132 126 222877
132 127 449121
132 129 80530
132 59 962011
132 58 697699
132 55 922592
132 57 749199
132 56 342043
132 51 483552
132 50 128850
132 53 230270
132 52 568606
132 199 1088890
132 147 583604
132 195 168625
132 191 1024980
132 190 854003
132 193 256951
132 115 40264
132 68 433222
132 88 484766
132 116 1043579
132 111 1204052
132 110 914936
132 113 97598
132 112 105807
132 81 125373
132 119 764229
132 118 71152
132 3 699201
132 108 656809
132 109 1000199
132 100 217813
132 107 762860
132 39 1362001
132 38 997966
132 33 557518
132 32 596999
132 31 580366
132 30 1294547
132 37 1304866
132 36 796200
132 35 146978
132 60 1335769
132 61 137064
132 62 472688
132 63 78055
132 67 546703
132 177 1194917
132 170 786735
132 182 968909
132 183 1036729
132 180 668528
132 181 1151384
132 186 622478
132 184 44351
132 6 1316066
132 188 240996
132 99 392882
132 98 1111903
132 169 129835
132 91 8737
132 165 26388
132 166 1053947
132 167 955
132 161 912340
132 97 18017
132 163 628843
132 10 17247
132 12 300107
132 14 138603
132 16 295066
132 19 1131574
132 117 352361
132 151 1019061
132 150 1329119
132 153 576748
132 152 685247
132 155 135730
132 46 430965
132 47 570033
132 44 725234
132 42 285608
132 43 274965
132 40 1063725
132 41 1345666
132 1 100982
132 9 711876
132 146 1083578
132 200 467630
132 144 567987
132 143 1162005
132 140 30436
132 141 1084022
132 148 1065633
132 77 148232
132 76 1274136
132 73 1192742
132 72 952135
132 2 842276
131 165 579117
131 130 988032
131 137 1091355
131 136 260442
131 135 290960
131 134 501030
131 139 450691
131 138 154517
131 93 457538
131 24 223949
131 25 1259639
131 26 1277168
131 27 695878
131 20 407856
131 21 372758
131 22 1037565
131 23 449274
131 160 1015795
131 28 125485
131 29 15774
131 161 760916
131 0 126372
131 4 1228727
131 8 1260400
131 96 329559
131 68 355824
131 120 633657
131 121 1239905
131 122 839308
131 123 227488
131 124 392829
131 125 462183
131 126 845242
131 127 1291224
131 128 1296256
131 129 931438
131 167 1017032
131 59 852242
131 58 788567
131 55 18965
131 54 1180022
131 57 464093
131 56 71967
131 51 989282
131 50 305729
131 53 381351
131 52 1029274
131 164 699369
131 201 618732
131 199 562385
131 198 236916
131 147 911135
131 195 611173
131 194 1359057
131 197 1278510
131 196 87277
131 191 884910
131 190 101365
131 193 74986
131 192 1346931
131 115 380889
131 114 1181522
131 117 388499
131 89 342370
131 111 387198
131 110 355886
131 113 1336017
131 176 431604
131 82 525305
131 83 167890
131 80 999858
131 81 978710
131 119 1134609
131 87 507800
131 84 1089173
131 85 976529
131 3 1134419
131 7 851806
131 108 474594
131 109 279176
131 102 167307
131 103 172851
131 100 1016045
131 101 686656
131 106 341812
131 107 1234110
131 104 500437
131 105 780556
131 39 1087653
131 38 1090940
131 33 1316563
131 32 392601
131 31 1034892
131 30 458285
131 37 199452
131 36 239774
131 35 1010673
131 34 1059401
131 60 942847
131 61 1266312
131 62 209402
131 63 27050
131 64 226500
131 65 136670
131 66 369912
131 178 1117061
131 177 810371
131 69 1167759
131 175 519718
131 174 906816
131 173 183873
131 172 1304194
131 171 92286
131 170 474504
131 182 584132
131 183 492324
131 180 1244340
131 181 1208406
131 186 1329096
131 187 1038773
131 184 1349026
131 185 1210350
131 188 186787
131 189 931590
131 179 946182
131 97 1061367
131 6 977134
131 99 957886
131 98 1299892
131 168 677044
131 169 1314605
131 91 1025432
131 90 591291
131 166 1324572
131 92 1355826
131 95 317414
131 94 911094
131 162 755107
131 163 444886
131 11 1007391
131 10 698532
131 13 451268
131 12 651595
131 15 671462
131 14 112491
131 17 509260
131 16 446216
131 19 657359
131 18 248567
131 88 1305042
131 116 222752
131 151 1120315
131 150 169235
131 153 534337
131 152 1101308
131 155 607070
131 154 610971
131 157 873072
131 156 1249530
131 159 546940
131 158 178863
131 112 611098
131 48 1186068
131 49 1316601
131 46 403808
131 86 889696
131 44 391004
131 45 458143
131 42 865827
131 43 766737
131 40 84228
131 118 1027410
131 1 442860
131 5 676084
131 9 172804
131 146 1280702
131 200 904855
131 144 89827
131 145 20297
131 142 296923
131 143 670855
131 140 1184084
131 141 1187664
131 148 1277628
131 149 301375
131 77 205402
131 76 665108
131 75 1096180
131 74 435147
131 73 1338417
131 72 278393
131 71 1337323
131 70 531545
131 79 1062439
131 78 562739
131 2 517742
131 41 1058297
131 47 953131
131 67 720435
130 137 4255
130 136 1030349
130 135 151526
130 139 1302727
130 24 550539
130 25 519405
130 26 734956
130 167 397420
130 20 561683
130 22 753318
130 23 388467
130 28 1287895
130 97 870057
130 8 670202
130 121 337325
130 122 985015
130 124 1257642
130 125 330110
130 127 665076
130 128 190446
130 129 808332
130 59 110376
130 58 225486
130 55 1204835
130 54 245735
130 56 805042
130 51 339048
130 52 1088302
130 201 1295469
130 199 1028866
130 179 1330350
130 147 1308552
130 195 100169
130 197 41728
130 196 675579
130 191 962686
130 190 1344725
130 193 484827
130 192 14996
130 115 447178
130 114 994754
130 117 1044911
130 116 844174
130 111 591085
130 110 667003
130 113 281127
130 112 737189
130 82 265644
130 81 248860
130 85 191263
130 3 690297
130 108 761731
130 109 1206663
130 103 427936
130 106 777401
130 104 57867
130 39 449843
130 38 1089855
130 33 441312
130 32 690603
130 31 301129
130 30 353362
130 37 844466
130 36 508521
130 177 1335483
130 60 453338
130 61 1139006
130 63 997682
130 65 741559
130 66 13991
130 178 1159333
130 68 117856
130 176 708084
130 173 686058
130 171 143485
130 170 259882
130 182 569731
130 183 756229
130 180 530429
130 181 634974
130 186 1073062
130 184 1361640
130 185 315547
130 188 185338
130 189 1197654
130 6 900931
130 99 615131
130 98 1198098
130 169 90642
130 165 961231
130 166 116543
130 92 769106
130 161 798469
130 162 212694
130 96 1207191
130 10 1172362
130 15 348222
130 14 155894
130 17 1126474
130 16 534147
130 19 136746
130 18 623096
130 88 940192
130 150 1103771
130 153 578085
130 152 1126247
130 155 376257
130 154 485517
130 35 572404
130 46 540024
130 47 815605
130 44 35246
130 42 1177538
130 43 440795
130 40 1175141
130 41 1111467
130 1 1193232
130 5 848335
130 9 1101967
130 146 914154
130 200 1172890
130 144 708638
130 142 257253
130 140 215252
130 141 54914
130 148 464280
130 77 1018017
130 76 420378
130 75 1186487
130 74 244799
130 73 448380
130 72 10685
130 71 1329025
130 78 283726
130 2 134682
137 136 1077177
137 135 358361
137 134 78405
137 139 730290
137 138 470913
137 166 724367
137 24 1320669
137 25 830398
137 26 1268563
137 27 44461
137 20 1050117
137 21 661802
137 22 978144
137 23 203020
137 160 1158587
137 28 1291011
137 29 507454
137 161 1758
137 0 187703
137 4 654890
137 8 982452
137 163 1060344
137 68 381654
137 120 1124834
137 121 89366
137 122 246898
137 123 672730
137 124 784706
137 125 988080
137 126 1327789
137 127 1138904
137 128 1249126
137 129 957195
137 167 167470
137 59 416737
137 58 1267925
137 55 115872
137 54 655770
137 57 715379
137 56 488553
137 51 447294
137 50 767720
137 53 726118
137 52 905237
137 90 695173
137 164 363652
137 146 1212037
137 199 327614
137 198 214166
137 147 10929
137 195 1343035
137 194 728077
137 197 1241912
137 196 87923
137 191 736064
137 190 236482
137 193 343358
137 192 522647
137 115 759035
137 114 1145620
137 88 1057744
137 89 197627
137 111 161976
137 110 853760
137 113 1254567
137 112 1308063
137 82 1061049
137 83 1179787
137 81 1147324
137 86 722867
137 87 29149
137 84 230722
137 85 1007132
137 3 1108271
137 7 323612
137 108 760197
137 109 232738
137 102 140538
137 103 595203
137 100 1254422
137 101 130139
137 106 716613
137 107 201741
137 104 620936
137 105 577936
137 39 820121
137 38 1302722
137 33 403882
137 32 20241
137 31 1199643
137 30 106816
137 37 903194
137 36 180393
137 35 1267357
137 34 575637
137 162 175651
137 176 408013
137 60 728332
137 61 1040827
137 62 681218
137 63 498347
137 64 534020
137 65 641634
137 66 1118616
137 178 924161
137 177 41422
137 69 969680
137 175 717903
137 174 175046
137 173 890635
137 172 463660
137 171 1068537
137 170 613141
137 182 675093
137 183 608961
137 180 826799
137 181 692068
137 186 151876
137 187 597050
137 184 1324677
137 6 871386
137 188 483291
137 189 421797
137 179 3039
137 185 766223
137 99 4598
137 98 614431
137 168 240508
137 169 669126
137 91 582378
137 165 28654
137 93 1052695
137 92 70442
137 95 165081
137 94 162437
137 97 481542
137 96 757385
137 11 826822
137 10 229775
137 13 228659
137 12 154337
137 15 1264431
137 14 47334
137 17 65130
137 16 438053
137 19 286598
137 18 344418
137 117 164675
137 116 1088594
137 151 672602
137 150 861800
137 153 1259199
137 152 1179605
137 155 748946
137 154 456562
137 157 722522
137 156 1332762
137 159 171031
137 158 452151
137 48 1161361
137 49 252116
137 46 854986
137 119 362906
137 44 332622
137 45 773691
137 42 1188479
137 43 1019162
137 40 1197902
137 118 483502
137 1 562001
137 5 150332
137 9 214064
137 201 709935
137 200 341060
137 144 1306853
137 145 336874
137 142 1237484
137 143 1107091
137 140 462135
137 141 1223965
137 148 850170
137 149 1065877
137 77 1336146
137 76 659527
137 75 133352
137 74 209814
137 73 910848
137 72 1214126
137 71 542577
137 70 204647
137 79 798585
137 78 60803
137 2 956805
137 41 404276
137 47 1273062
137 67 150283
136 135 964753
136 139 1346987
136 138 1123452
136 24 1234846
136 25 276153
136 26 721269
136 27 1214077
136 20 1033301
136 22 11717
136 160 1075695
136 28 490991
136 0 437582
136 162 1100862
136 8 564138
136 120 1199444
136 121 1094515
136 122 28308
136 123 407886
136 124 919985
136 125 1145178
136 127 10628
136 128 226280
136 129 381869
136 59 1176119
136 58 1341856
136 55 792255
136 54 1050067
136 56 150876
136 51 811893
136 50 1234293
136 52 689976
136 199 616424
136 147 1050737
136 195 991015
136 197 1174103
136 196 595639
136 191 911679
136 190 962414
136 193 244874
136 192 1266797
136 115 736622
136 177 819571
136 117 564640
136 116 590397
136 111 708144
136 110 464038
136 113 788922
136 82 987694
136 83 1301914
136 80 162369
136 119 726173
136 87 948315
136 85 1277465
136 7 1058459
136 108 1079373
136 109 806617
136 103 792520
136 101 208275
136 106 1132287
136 107 239824
136 104 794744
136 39 1058684
136 38 1144726
136 33 798461
136 32 577202
136 31 1181970
136 30 1350919
136 37 428092
136 36 50906
136 35 410967
136 60 915435
136 61 1262579
136 63 1285038
136 64 551469
136 65 357258
136 66 868762
136 178 1181193
136 68 407605
136 176 681230
136 174 556414
136 173 789022
136 172 1267185
136 171 998249
136 170 392796
136 182 925607
136 180 897769
136 2 876934
136 186 1215413
136 184 152851
136 185 249646
136 188 92488
136 189 726943
136 6 74426
136 99 437909
136 98 870103
136 168 70433
136 169 1113901
136 91 1155395
136 165 980534
136 92 789637
136 95 602845
136 161 248565
136 97 839896
136 96 1139811
136 10 143915
136 12 146566
136 15 546895
136 14 692063
136 17 1050742
136 16 928673
136 19 533090
136 18 221382
136 88 607471
136 150 302917
136 153 127608
136 152 192038
136 154 644159
136 158 629469
136 48 1171766
136 46 539954
136 86 284253
136 44 362900
136 42 1066565
136 43 370878
136 40 84864
136 41 731407
136 1 760053
136 5 183624
136 9 1343548
136 146 556977
136 200 1058004
136 144 943186
136 145 560082
136 142 595817
136 140 235421
136 141 1158054
136 148 213985
136 149 1211797
136 77 1150924
136 76 1068301
136 75 411525
136 74 1081317
136 73 668077
136 72 786904
136 71 857971
136 70 1218956
136 78 1304559
136 47 1046226
135 165 96637
135 134 266834
135 138 1073208
135 93 934433
135 24 209647
135 26 253196
135 27 66317
135 20 886549
135 22 76718
135 23 754158
135 95 270339
135 94 448948
135 0 633405
135 162 433511
135 8 709718
135 163 359275
135 120 705687
135 121 579914
135 123 1142573
135 124 409811
135 127 95016
135 128 342535
135 129 977399
135 59 940148
135 58 1195872
135 55 1346865
135 54 881680
135 57 44535
135 56 981834
135 51 609762
135 50 512277
135 52 966808
135 201 897730
135 199 688952
135 200 319349
135 195 996287
135 194 562921
135 197 1332345
135 196 639328
135 191 308122
135 190 56058
135 193 891251
135 192 694239
135 115 294959
135 114 878142
135 117 594042
135 89 1343157
135 111 898694
135 110 676404
135 113 56483
135 112 906937
135 83 1295821
135 80 534647
135 81 1270121
135 119 1089424
135 87 125493
135 84 909109
135 85 778794
135 141 883670
135 3 263606
135 7 1052124
135 92 214194
135 108 852098
135 109 941673
135 102 78126
135 101 604601
135 107 1179385
135 105 830818
135 39 1150736
135 38 724010
135 33 929547
135 32 140520
135 31 540512
135 30 622272
135 37 241499
135 36 187571
135 35 791569
135 34 1071724
135 60 1285724
135 61 123643
135 62 143854
135 63 290092
135 64 368920
135 179 899085
135 178 1018228
135 68 121389
135 69 148793
135 175 560043
135 174 1111237
135 173 1025546
135 172 702652
135 170 135360
135 182 90302
135 183 714845
135 180 20987
135 181 1165709
135 186 89842
135 187 902207
135 6 274873
135 188 524354
135 99 701448
135 98 1197074
135 168 225632
135 169 642938
135 91 391926
135 90 420523
135 166 299683
135 167 1199156
135 160 98234
135 161 627896
135 97 1108881
135 96 971302
135 11 33537
135 10 44846
135 13 699493
135 12 330027
135 14 1090537
135 17 156989
135 16 765808
135 19 1030668
135 18 591039
135 88 158092
135 116 731356
135 150 572279
135 153 234388
135 152 504967
135 155 610882
135 157 678614
135 159 1260364
135 158 1265730
135 48 846373
135 49 236284
135 46 130999
135 86 927014
135 44 142167
135 45 401469
135 42 988077
135 43 885484
135 40 471134
135 41 1017889
135 1 220019
135 9 85666
135 146 852613
135 147 455473
135 144 1271259
135 145 1094416
135 142 776150
135 140 1356351
135 177 721003
135 148 754951
135 149 1294767
135 77 274983
135 76 515483
135 74 666907
135 72 178882
135 71 133545
135 70 630532
135 79 264210
135 78 589775
135 2 828600
135 47 487152
129 134 437743
129 138 559764
129 93 13313
129 24 1076219
129 26 711617
129 167 244324
129 20 1129026
129 21 656723
129 22 249267
129 23 575513
129 95 443562
129 28 579944
129 29 1024287
129 161 1161824
129 4 1352702
129 8 241299
129 163 899241
129 121 1035025
129 122 1249226
129 123 496001
129 124 78476
129 127 964386
129 128 748971
129 91 789334
129 59 1018895
129 58 750484
129 55 237318
129 54 485236
129 57 620553
129 56 1322212
129 51 832441
129 50 60297
129 52 1269899
129 90 987867
129 146 469141
129 199 1238449
129 198 578902
129 200 338540
129 195 274454
129 194 657379
129 197 972828
129 196 574030
129 191 1013405
129 190 508277
129 193 1191943
129 192 434012
129 115 458219
129 68 879856
129 117 835733
129 116 1061573
129 111 905773
129 110 964857
129 113 121624
129 112 577319
129 83 774949
129 80 698615
129 81 37782
129 86 123825
129 118 423474
129 84 231539
129 85 1055333
129 3 296895
129 108 946697
129 109 819775
129 102 717447
129 107 959325
129 105 66807
129 39 813349
129 38 944078
129 33 181745
129 32 945298
129 31 374854
129 30 1000832
129 37 693713
129 36 824114
129 35 220571
129 34 629021
129 114 801805
129 60 768927
129 61 391503
129 62 1323387
129 63 113395
129 97 1058789
129 179 706927
129 178 1322677
129 177 153119
129 69 345712
129 175 1264455
129 174 527001
129 173 130312
129 170 708607
129 181 623947
129 182 861025
129 183 80064
129 180 783087
129 2 496427
129 186 128614
129 187 1138315
129 6 1148930
129 188 198935
129 185 1344686
129 99 481816
129 98 63273
129 168 417125
129 169 101771
129 164 1006782
129 165 93349
129 166 1207991
129 92 1037031
129 160 1321038
129 94 931039
129 162 1161403
129 96 1044000
129 11 625148
129 10 1241206
129 13 497048
129 14 654098
129 17 647970
129 16 1021626
129 19 1252813
129 18 93446
129 88 20842
129 89 510604
129 151 927934
129 150 706145
129 153 579361
129 152 155943
129 155 998498
129 157 1021497
129 156 778783
129 159 653266
129 158 292144
129 48 310248
129 49 52290
129 46 643405
129 119 223852
129 44 175048
129 45 869116
129 42 184334
129 43 995536
129 40 632116
129 41 1065842
129 1 1295160
129 9 317945
129 201 1115852
129 147 318816
129 144 604394
129 145 959963
129 142 689241
129 140 641791
129 141 588601
129 148 89806
129 77 1339290
129 76 307110
129 74 1223440
129 72 220449
129 71 142286
129 70 556536
129 79 137177
129 78 173138
129 47 1116148
129 67 427531
139 146 1141965
139 153 574762
139 152 102241
139 199 1333818
139 154 1183058
139 195 117813
139 30 1345845
139 196 1275983
139 191 130471
139 190 909180
139 193 132776
139 15 589613
139 115 1140460
139 68 1283016
139 63 1289501
139 165 923057
139 82 295404
139 108 607642
139 127 507150
139 32 1244688
139 171 1255850
139 85 143758
139 1 524852
139 26 564324
139 20 119493
139 46 538307
139 47 1127907
139 42 170124
139 43 594280
139 40 904161
139 41 748306
139 182 607737
139 186 159411
139 36 404430
139 185 1315736
139 5 417205
139 188 901923
139 189 1039222
139 170 533970
139 200 1186722
139 144 251812
139 140 436617
139 141 365958
139 77 497179
139 98 1059056
139 75 835278
139 109 835436
139 124 728216
139 72 583763
139 71 22380
139 8 642525
139 103 1158810
139 92 1338398
139 161 1294504
139 162 464147
139 78 252462
139 60 158748
139 38 922845
139 59 577379
139 58 189192
139 14 1292254
139 121 155691
139 33 1077505
139 18 97055
139 31 429953
139 16 757947
139 37 67861
139 117 731570
139 35 586778
139 55 180475
139 54 253187
139 111 365739
139 17 566303
139 65 228259
138 165 576688
138 24 950007
138 26 572825
138 27 41796
138 20 1021006
138 22 23596
138 162 972517
138 8 728889
138 120 90180
138 121 227661
138 124 631038
138 127 1175513
138 128 947628
138 59 850797
138 58 788598
138 55 337895
138 54 753464
138 56 605750
138 51 104908
138 50 202217
138 199 827077
138 147 178504
138 195 1355557
138 194 690874
138 196 583458
138 191 382799
138 190 1270293
138 193 28115
138 192 611344
138 115 614345
138 68 734990
138 117 1113048
138 116 1225186
138 111 1097736
138 110 1202248
138 112 267277
138 83 543240
138 119 384089
138 84 1304647
138 85 1250428
138 7 521093
138 108 295624
138 109 495877
138 102 973253
138 101 1073927
138 107 931146
138 39 1266948
138 38 63684
138 33 436112
138 32 1055131
138 31 1000234
138 30 108760
138 37 682616
138 36 390914
138 35 1294206
138 60 396078
138 63 1358982
138 64 523413
138 179 297440
138 177 597392
138 69 650392
138 173 1188042
138 172 1021154
138 170 1185115
138 182 1266625
138 180 1298944
138 2 689235
138 186 731161
138 187 1301018
138 6 974550
138 188 962929
138 99 331447
138 98 584974
138 169 708249
138 91 536216
138 90 463808
138 92 384798
138 95 486733
138 94 680775
138 97 909878
138 163 422266
138 11 1065325
138 12 914002
138 17 1045329
138 18 1188294
138 88 708139
138 150 120444
138 153 1119453
138 152 124339
138 159 1052391
138 158 1117137
138 46 1074258
138 86 1251655
138 44 342392
138 42 506101
138 43 1346402
138 40 906598
138 41 63598
138 1 751236
138 9 1204325
138 146 492442
138 200 1139473
138 144 264470
138 145 688305
138 142 950500
138 140 574011
138 141 65946
138 148 353049
138 149 147373
138 77 1258618
138 76 132212
138 72 758794
138 71 1181878
138 70 547289
138 78 1236525
138 47 838485
93 153 1030354
93 30 885002
93 199 784595
93 147 32959
93 195 158593
93 37 133492
93 112 1352426
93 191 723073
93 193 1141618
93 192 881648
93 115 1283412
93 116 1086859
93 110 248753
93 165 766727
93 69 53557
93 119 307113
93 24 468500
93 1 1114472
93 26 311759
93 20 1050133
93 46 751015
93 47 545109
93 44 1105768
93 45 951297
93 42 704050
93 43 83563
93 40 491160
93 41 163262
93 182 1141652
93 35 586568
93 180 12015
93 186 529812
93 36 617015
93 6 1085374
93 8 577130
93 188 482892
93 146 87878
93 200 1357810
93 144 179283
93 196 763444
93 140 708307
93 141 418761
93 152 19810
93 77 530468
93 121 1023090
93 108 1208130
93 148 1241610
93 127 412905
93 91 678833
93 92 459634
93 160 138889
93 162 1297398
93 78 615766
93 60 484357
93 38 894712
93 59 304378
93 58 1026573
93 17 1067511
93 76 219108
93 55 220722
93 54 956896
93 31 776412
93 56 221189
93 51 195842
93 50 527764
93 117 232690
93 33 319465
93 89 87888
93 63 1000792
93 88 1044282
93 32 1328875
93 111 73687
93 14 326404
93 72 1277829
24 134 242860
24 26 524125
24 167 805479
24 20 946024
24 21 1173985
24 22 689732
24 23 569549
24 95 194690
24 29 151237
24 161 838634
24 162 319104
24 8 824123
24 96 559692
24 121 1217385
24 122 1139692
24 123 292561
24 124 967802
24 126 908424
24 127 482508
24 59 485288
24 58 459968
24 55 1343992
24 54 563792
24 57 853769
24 56 256403
24 51 29541
24 50 1164412
24 53 463218
24 52 202853
24 201 522096
24 199 33601
24 198 1184584
24 147 948578
24 195 891321
24 194 1330811
24 197 816252
24 196 153076
24 191 957669
24 190 963316
24 193 908651
24 192 647126
24 115 1000879
24 114 743118
24 88 214818
24 116 56247
24 111 427304
24 110 948592
24 113 960402
24 112 470353
24 83 1031892
24 80 82062
24 81 912702
24 86 1322918
24 118 231779
24 84 516313
24 85 198163
24 141 1128424
24 3 663978
24 178 1259862
24 108 416904
24 109 143732
24 102 128272
24 100 705249
24 107 974338
24 105 1255414
24 39 1049586
24 38 895561
24 33 573906
24 32 1278638
24 31 1349036
24 30 824659
24 37 182640
24 36 1283693
24 35 38226
24 34 1164955
24 60 174831
24 61 784330
24 62 590349
24 63 784641
24 179 534089
24 67 260030
24 68 488340
24 69 146246
24 175 554391
24 174 407433
24 173 923995
24 170 1297129
24 182 577321
24 183 854674
24 180 1215500
24 181 546626
24 186 82531
24 187 1231844
24 184 855528
24 6 74339
24 188 1144496
24 99 875391
24 98 1100829
24 168 154584
24 169 403330
24 91 449951
24 165 373148
24 166 927895
24 92 697346
24 160 1351162
24 94 575084
24 97 1169357
24 163 917666
24 11 611607
24 10 613439
24 13 21123
24 12 241278
24 14 1067208
24 17 755341
24 16 1215105
24 19 731592
24 117 746272
24 89 962573
24 151 1315812
24 150 948621
24 153 552533
24 152 397964
24 155 630094
24 159 1307592
24 158 1106506
24 48 18030
24 49 1190078
24 46 573335
24 119 1004377
24 44 1020763
24 45 102298
24 42 1359552
24 43 331934
24 40 1026148
24 41 861246
24 1 1036050
24 9 1185096
24 146 2015
24 200 1070806
24 144 840654
24 145 1029910
24 142 205901
24 143 1136632
24 140 889398
24 177 70502
24 148 364315
24 77 1140715
24 76 1252142
24 74 1010556
24 73 978670
24 72 1189916
24 79 653937
24 78 456311
24 2 33762
24 47 3729
25 153 629959
25 152 433687
25 199 924867
25 66 1082280
25 54 221429
25 195 1342643
25 42 569298
25 30 573438
25 196 500921
25 191 532167
25 190 941752
25 193 791411
25 192 425311
25 60 247935
25 68 241717
25 117 1082488
25 82 1207203
25 176 1257231
25 127 45852
25 173 477487
25 1 629756
25 26 306855
25 162 555148
25 46 656486
25 47 185096
25 44 544345
25 28 599279
25 40 951482
25 182 342696
25 2 569272
25 5 828617
25 97 1353307
25 184 437299
25 9 907608
25 186 1271143
25 188 98033
25 78 373904
25 146 1299732
25 147 322622
25 122 691411
25 140 102435
25 141 1031567
25 77 1310524
25 121 641335
25 108 864931
25 109 748488
25 124 990113
25 8 892597
25 165 1169588
25 92 759127
25 106 422276
25 161 62274
25 104 876563
25 96 725550
25 115 73262
25 59 1073453
25 58 278413
25 17 760734
25 61 902739
25 55 56355
25 32 1284436
25 31 183952
25 15 663496
25 51 1280340
25 36 698906
25 52 866625
25 116 1127348
25 33 400763
25 63 274153
25 37 195380
25 88 1019348
25 18 834004
25 111 768380
25 73 165213
26 134 1222041
26 27 564834
26 20 611033
26 21 990215
26 22 479812
26 23 1217768
26 95 718693
26 28 90515
26 29 1086091
26 94 978261
26 0 1314445
26 4 1353701
26 8 31573
26 96 1213442
26 121 809158
26 122 528343
26 123 1170431
26 124 1029983
26 127 1064274
26 128 720512
26 59 704998
26 58 445936
26 55 692579
26 54 865983
26 57 1303331
26 56 659240
26 51 464285
26 50 122610
26 52 935712
26 90 1297662
26 164 544959
26 146 623852
26 199 933829
26 179 117548
26 147 704473
26 195 466572
26 194 500276
26 197 164966
26 196 526502
26 191 965834
26 190 1239959
26 193 715261
26 192 280216
26 115 1330317
26 114 690461
26 117 1188174
26 116 583197
26 111 1312675
26 110 451830
26 113 977346
26 112 950642
26 82 260581
26 83 961584
26 86 136187
26 87 462927
26 84 1012950
26 85 693064
26 172 351315
26 3 151977
26 7 1055467
26 170 948936
26 178 9780
26 108 845729
26 109 1215248
26 102 498365
26 103 751776
26 106 1333285
26 107 1063017
26 104 1326233
26 105 364923
26 39 111995
26 38 1195313
26 33 620868
26 32 764259
26 31 724009
26 30 1072160
26 37 949576
26 36 807693
26 35 1273771
26 34 103705
26 176 37028
26 60 403504
26 61 1293225
26 62 118763
26 63 1025065
26 64 1124238
26 65 1280102
26 66 667857
26 67 398031
26 68 507406
26 69 603117
26 175 158617
26 174 2582
26 173 883964
26 177 816109
26 171 248439
26 198 1197697
26 182 1073955
26 183 399424
26 180 1244967
26 181 453803
26 186 1092805
26 187 1303178
26 184 34336
26 6 997190
26 188 1109009
26 189 683343
26 97 645055
26 185 1064059
26 99 1155818
26 98 129821
26 168 474583
26 169 229516
26 91 314888
26 165 712156
26 166 1240087
26 92 33316
26 160 76278
26 161 250112
26 162 304929
26 163 205134
26 11 773057
26 10 943530
26 13 773670
26 12 388560
26 15 278747
26 14 1173185
26 17 963978
26 16 700738
26 18 825563
26 88 1225360
26 89 1114339
26 151 524894
26 150 1192373
26 153 510226
26 152 505279
26 154 1098729
26 157 1089066
26 156 667276
26 159 97197
26 158 884289
26 48 169438
26 49 88788
26 46 358993
26 119 1049502
26 44 947245
26 45 417718
26 42 1049135
26 43 421332
26 40 299974
26 118 984389
26 1 712002
26 5 1244287
26 9 1327478
26 201 799193
26 200 21185
26 144 974784
26 145 137885
26 142 195981
26 140 1226334
26 141 240104
26 148 461749
26 149 81103
26 77 181748
26 76 981022
26 75 974267
26 74 534302
26 73 1292177
26 72 11501
26 71 1204155
26 70 548747
26 79 3529
26 78 731278
26 2 146450
26 41 7185
26 47 4207
92 66 444349
92 134 1304735
92 27 845196
92 20 254743
92 21 570264
92 22 1318936
92 95 907440
92 28 57524
92 29 200458
92 161 464067
92 0 797300
92 4 566746
92 8 296574
92 163 793613
92 120 909555
92 121 1004405
92 122 379166
92 123 318228
92 124 773968
92 125 637126
92 126 998676
92 127 180928
92 128 285461
92 69 1016361
92 59 666933
92 58 705641
92 55 59558
92 54 1327180
92 57 471598
92 56 989850
92 51 648860
92 50 1095690
92 53 921612
92 52 475573
92 90 148018
92 164 845723
92 146 114163
92 199 78745
92 198 1346240
92 147 438738
92 195 1162374
92 194 244539
92 197 932159
92 178 753360
92 191 728633
92 190 319964
92 193 915113
92 192 1115020
92 115 445303
92 177 518930
92 117 168100
92 116 1361731
92 111 24292
92 110 297326
92 113 399292
92 112 795298
92 82 946133
92 83 737502
92 80 1251270
92 81 1220754
92 86 1047251
92 87 1014952
92 84 148320
92 85 664276
92 3 1016136
92 7 1063754
92 108 32472
92 109 1313903
92 102 658336
92 103 1287808
92 100 1316515
92 101 306762
92 106 915186
92 107 29833
92 104 271287
92 105 1236051
92 39 1299588
92 38 1073879
92 33 330754
92 32 621508
92 31 1111415
92 30 847382
92 37 1200319
92 36 293391
92 35 494154
92 34 1027957
92 60 170271
92 61 92254
92 62 559808
92 63 971616
92 64 213184
92 65 223260
92 179 10600
92 67 372487
92 68 187803
92 176 1185808
92 175 356106
92 174 703410
92 173 48794
92 172 1126790
92 171 448806
92 170 1001787
92 182 430077
92 183 111247
92 180 1194249
92 181 1168070
92 186 188437
92 187 990304
92 184 1095916
92 6 807582
92 188 1310222
92 189 259058
92 196 1068259
92 97 490633
92 185 273929
92 99 679775
92 98 989093
92 168 833047
92 169 166493
92 91 602176
92 165 338458
92 166 1038953
92 167 467711
92 160 343596
92 94 290751
92 162 135484
92 96 389269
92 11 1280179
92 10 132761
92 13 724815
92 12 1077422
92 15 638782
92 14 296862
92 17 1108750
92 16 136922
92 19 1051405
92 18 407088
92 88 836299
92 89 513024
92 151 496352
92 150 1080012
92 153 1164511
92 152 648652
92 155 743720
92 154 1086659
92 157 704581
92 156 242141
92 159 312579
92 158 1223613
92 48 328002
92 46 788344
92 119 116398
92 44 935849
92 45 372511
92 42 57062
92 43 768427
92 40 1334741
92 118 798403
92 1 610955
92 5 1230167
92 9 457885
92 201 1057855
92 200 512589
92 144 157969
92 145 514224
92 142 490128
92 143 188632
92 140 825616
92 141 1307450
92 148 868660
92 149 514426
92 77 1175085
92 76 879770
92 75 318673
92 74 105421
92 73 94468
92 72 1104526
92 71 367279
92 70 6075
92 78 432612
92 2 631117
92 41 1073710
92 47 1262087
20 134 158732
20 27 958683
20 21 1066384
20 22 761464
20 23 668268
20 95 203642
20 28 899757
20 29 912490
20 161 642910
20 0 1028970
20 4 858099
20 8 74897
20 163 255809
20 68 221241
20 120 636319
20 121 1343529
20 122 598113
20 123 421460
20 124 1223898
20 125 50522
20 126 1300907
20 127 1176939
20 128 904953
20 91 311161
20 59 714465
20 58 618870
20 55 349735
20 54 1175455
20 57 1105182
20 56 218705
20 51 135720
20 50 985885
20 53 959026
20 52 591005
20 90 1109470
20 146 1230694
20 199 145078
20 198 1328429
20 200 1118260
20 195 265836
20 194 76731
20 197 1194728
20 196 488086
20 191 1165498
20 190 972702
20 193 450024
20 192 172882
20 115 1256930
20 114 471363
20 88 545116
20 89 211709
20 111 922571
20 110 968955
20 113 440303
20 112 241253
20 82 179301
20 83 969046
20 80 1134501
20 81 1249572
20 86 42947
20 118 1180175
20 84 343547
20 85 5923
20 3 468159
20 7 1137039
20 108 226687
20 109 1133066
20 102 901024
20 103 99146
20 100 767360
20 101 349023
20 107 162976
20 104 272573
20 105 878022
20 39 536962
20 38 897941
20 33 515684
20 32 579320
20 31 6436
20 30 413510
20 37 683702
20 36 1284647
20 35 1134321
20 34 1084910
20 162 87504
20 60 333127
20 61 612309
20 62 632662
20 63 543850
20 64 1272412
20 65 434834
20 179 601041
20 178 834869
20 177 860770
20 69 1273615
20 175 331333
20 174 1145943
20 173 880087
20 172 250943
20 171 777974
20 170 678412
20 182 1268613
20 183 652085
20 180 1108076
20 181 942796
20 186 1050173
20 187 252467
20 184 646698
20 185 361733
20 188 671298
20 189 461732
20 6 45482
20 99 1306516
20 98 672606
20 168 147111
20 169 791891
20 164 901795
20 165 1194881
20 166 213760
20 167 380070
20 160 1064801
20 94 1034454
20 97 209848
20 96 637889
20 11 921161
20 10 943619
20 13 1026938
20 12 424653
20 15 602256
20 14 458863
20 17 85228
20 16 251234
20 19 592904
20 18 371322
20 117 471015
20 116 1179004
20 151 1283075
20 150 1315963
20 153 726817
20 152 957288
20 155 179186
20 154 247901
20 157 882276
20 156 501398
20 159 413805
20 158 802902
20 48 670720
20 49 789283
20 46 1221040
20 119 735385
20 44 1179937
20 45 1329245
20 42 97037
20 43 466589
20 40 444894
20 87 379185
20 1 264282
20 5 1142076
20 9 771954
20 201 747585
20 147 391210
20 144 1326276
20 145 788385
20 142 674692
20 143 773901
20 140 860948
20 141 361162
20 148 25469
20 149 9763
20 77 1154442
20 76 988857
20 75 1027171
20 74 525713
20 73 732547
20 72 991337
20 71 932587
20 70 1060988
20 79 413755
20 78 1011679
20 2 722443
20 41 555287
20 47 975461
20 67 375556
21 152 1199548
21 199 226843
21 198 350486
21 147 930266
21 195 347197
21 51 762880
21 30 281143
21 196 448043
21 191 1108758
21 190 931315
21 193 1331899
21 43 681421
21 60 1303031
21 63 538295
21 110 1190379
21 165 151026
21 68 343806
21 108 111085
21 16 613134
21 174 128923
21 119 1045287
21 170 1074206
21 182 362034
21 169 660548
21 98 269165
21 46 650109
21 47 726652
21 44 510814
21 42 1117707
21 29 622567
21 1 479365
21 180 39406
21 186 1084623
21 14 109485
21 9 1209014
21 188 373391
21 200 314086
21 144 722440
21 141 815746
21 148 618551
21 99 582741
21 76 319066
21 122 1127318
21 109 1258707
21 72 352918
21 127 1273611
21 123 489099
21 112 208514
21 161 267910
21 162 688366
21 78 438786
21 115 104236
21 39 1605
21 38 64903
21 59 1225139
21 58 29420
21 17 1333065
21 121 714292
21 33 1069474
21 32 1170188
21 31 231404
21 56 540566
21 37 832757
21 36 1105363
21 35 565738
21 77 506778
21 55 906024
21 116 1055660
21 88 1207067
21 111 711343
21 50 734995
22 27 247522
22 95 1117858
22 0 588874
22 97 799592
22 8 1282603
22 120 275258
22 121 42806
22 127 1260279
22 128 710330
22 59 275057
22 58 490042
22 56 149546
22 51 1237366
22 50 1174039
22 199 1043044
22 200 837157
22 195 219435
22 196 299314
22 191 805687
22 190 114003
22 192 765292
22 115 547238
22 68 530078
22 88 1213901
22 116 129879
22 111 1098693
22 110 239745
22 113 1334845
22 112 141970
22 83 238257
22 81 499371
22 119 1236107
22 87 553668
22 7 342009
22 108 1258477
22 109 1141678
22 167 204043
22 101 740453
22 107 1146648
22 39 611582
22 38 1345262
22 33 310184
22 32 619250
22 31 47638
22 37 276726
22 36 572711
22 35 723713
22 60 542323
22 61 964083
22 63 1171889
22 64 222711
22 177 1126361
22 173 662762
22 172 366257
22 170 935225
22 182 271744
22 183 55014
22 180 774515
22 2 250151
22 186 167814
22 6 218945
22 188 563651
22 99 1055777
22 98 802818
22 169 1066619
22 91 728388
22 165 774895
22 160 904764
22 161 413281
22 162 792892
22 96 1115544
22 10 733015
22 12 1162524
22 14 1044740
22 17 662981
22 19 475276
22 117 404114
22 150 190858
22 153 883717
22 152 820791
22 155 990737
22 158 42902
22 46 655307
22 47 1356743
22 44 1224341
22 42 547831
22 43 282375
22 1 1337697
22 9 808325
22 146 353134
22 147 3571
22 144 64981
22 145 659268
22 140 809599
22 141 1309332
22 148 409387
22 149 666563
22 77 475624
22 76 1011859
22 72 83933
22 71 281017
22 70 922972
23 150 26641
23 153 502691
23 152 6516
23 199 1031018
23 200 209213
23 195 776783
23 196 213363
23 191 517064
23 190 265068
23 193 21965
23 115 461088
23 114 1296212
23 110 30120
23 179 458835
23 112 1105939
23 16 194933
23 173 922387
23 170 5530
23 182 83755
23 140 171092
23 46 358148
23 47 193100
23 44 615103
23 42 262324
23 43 660850
23 121 709391
23 1 871068
23 183 1233070
23 3 187374
23 2 38179
23 186 154629
23 97 875150
23 9 41397
23 8 550642
23 147 1097992
23 144 1267047
23 56 919026
23 113 655199
23 141 895563
23 148 189387
23 99 178305
23 98 1304272
23 108 962177
23 109 857236
23 169 307337
23 127 381920
23 165 1187960
23 166 1318273
23 161 327697
23 162 1189960
23 96 377926
23 60 1115211
23 39 514059
23 38 593827
23 59 919491
23 14 1098245
23 74 144956
23 76 389810
23 33 1125611
23 32 117435
23 31 623769
23 30 292951
23 51 281340
23 36 945581
23 116 258708
23 55 438295
23 63 1002332
23 88 190811
23 111 594286
23 180 640094
160 164 605373
160 134 619702
160 27 754005
160 28 454118
160 0 990005
160 4 77202
160 8 327200
160 121 599735
160 122 396896
160 123 728830
160 124 915555
160 127 558920
160 128 423037
160 59 1283464
160 58 922661
160 55 50762
160 54 1185589
160 56 1040802
160 51 931953
160 50 1015261
160 201 209733
160 199 152218
160 200 1201848
160 195 31289
160 196 1327357
160 191 780552
160 190 1045242
160 193 394667
160 192 280498
160 115 652305
160 177 273524
160 117 281462
160 89 1181467
160 111 832511
160 110 380584
160 113 423018
160 112 73313
160 119 1254316
160 87 1027243
160 7 241888
160 108 502601
160 109 1164224
160 107 408878
160 105 728612
160 39 1156503
160 38 158835
160 33 798252
160 32 154313
160 31 261437
160 30 31320
160 37 1008622
160 36 658269
160 35 921455
160 34 468826
160 60 390438
160 62 1089832
160 63 887492
160 64 194238
160 178 825667
160 68 1291457
160 69 921327
160 174 481234
160 173 978336
160 172 1343344
160 170 873081
160 182 410875
160 180 890436
160 2 102498
160 186 1085270
160 187 174183
160 185 240471
160 188 1151355
160 97 683647
160 6 650910
160 99 25222
160 98 839725
160 168 862734
160 169 928225
160 91 425859
160 165 308093
160 162 560483
160 96 590133
160 11 1234133
160 13 786629
160 12 28004
160 14 896748
160 17 114856
160 18 225825
160 88 189986
160 116 774307
160 150 667104
160 153 355270
160 152 115718
160 156 595744
160 158 384729
160 48 500110
160 46 897102
160 47 83704
160 44 516188
160 45 133961
160 42 773089
160 43 288772
160 40 699810
160 41 113636
160 1 407697
160 9 862903
160 146 333075
160 147 605791
160 144 580710
160 145 552659
160 142 44393
160 140 85926
160 141 822443
160 148 1258816
160 149 116318
160 77 1353653
160 76 276863
160 74 240285
160 72 421758
160 71 1075025
160 70 184895
160 78 213610
28 162 136650
28 8 1114418
28 121 636016
28 122 794200
28 124 1128038
28 127 540896
28 59 990682
28 58 1020998
28 55 1096374
28 54 318748
28 56 686988
28 51 753402
28 50 1298915
28 52 801179
28 146 487238
28 199 1235999
28 200 605213
28 195 1130512
28 196 986075
28 191 1306315
28 190 1019244
28 193 709012
28 192 770973
28 115 303964
28 117 129074
28 116 1042578
28 111 503332
28 112 393365
28 82 1237259
28 119 64252
28 108 460071
28 109 155607
28 106 1219816
28 104 897842
28 38 92585
28 33 1274208
28 32 1320082
28 31 758744
28 30 666929
28 37 175747
28 36 999699
28 35 1261526
28 60 198444
28 61 210726
28 63 823591
28 66 568080
28 178 155658
28 68 315431
28 176 466111
28 173 510318
28 170 920447
28 182 446725
28 180 413534
28 2 1026256
28 186 1031458
28 184 776146
28 188 601573
28 99 411016
28 98 1271085
28 91 827031
28 165 1151709
28 161 1025040
28 97 424976
28 96 419195
28 15 698533
28 14 845786
28 17 367366
28 18 656831
28 88 357838
28 150 27670
28 153 402709
28 152 1244860
28 46 511995
28 47 430193
28 44 459123
28 42 1268792
28 40 908912
28 1 297834
28 5 1152545
28 9 1191769
28 201 1319416
28 147 144993
28 144 1325816
28 145 742219
28 140 952391
28 141 211654
28 148 116734
28 77 875195
28 76 415240
28 73 758436
28 71 1060897
28 78 1113309
29 152 372013
29 199 1158852
29 198 582301
29 147 265797
29 195 207270
29 37 11697
29 30 173614
29 196 395277
29 191 124752
29 190 719580
29 193 666158
29 50 65291
29 115 645073
29 116 1196506
29 110 328931
29 68 417417
29 108 143801
29 16 415229
29 174 1073705
29 119 119501
29 170 1288642
29 182 180794
29 98 314900
29 46 424669
29 47 305743
29 44 658903
29 42 824479
29 43 550946
29 1 255855
29 180 337490
29 186 363231
29 14 1035876
29 9 834624
29 188 1244811
29 200 1090205
29 144 769476
29 109 876166
29 141 142710
29 148 790234
29 99 763035
29 121 1061165
29 122 1275649
29 123 197536
29 169 346861
29 127 353321
29 165 612565
29 112 996103
29 161 1315727
29 162 312687
29 78 224389
29 60 1140749
29 39 1017378
29 38 1233983
29 59 1175272
29 58 241564
29 17 532618
29 76 60105
29 33 951445
29 32 1165490
29 31 134714
29 56 305671
29 51 1280654
29 36 1231217
29 35 331690
29 55 1171981
29 77 136441
29 63 399097
29 88 513429
29 111 106250
29 72 1271655
94 150 85582
94 153 1125250
94 199 1187468
94 159 1179191
94 194 1163512
94 196 954101
94 191 571172
94 193 830487
94 192 46113
94 115 838279
94 102 452699
94 117 721210
94 63 57516
94 179 1231160
94 69 488141
94 68 74254
94 83 190909
94 86 815629
94 84 400587
94 85 274128
94 182 607398
94 46 143982
94 173 363967
94 44 173521
94 42 1227380
94 43 179216
94 40 19945
94 1 861022
94 180 32957
94 186 896505
94 187 1233919
94 158 591649
94 9 118603
94 8 475132
94 170 9574
94 146 304708
94 144 1046193
94 142 1063945
94 140 760661
94 141 1075763
94 119 1015679
94 148 1033518
94 77 861059
94 76 441551
94 108 27490
94 109 479449
94 127 208854
94 91 208082
94 165 417042
94 95 735129
94 163 836725
94 11 453467
94 60 1042322
94 38 1144697
94 59 58996
94 58 869327
94 17 168010
94 98 513916
94 55 217889
94 54 842488
94 31 160570
94 56 615352
94 51 107447
94 36 313568
94 35 1223232
94 116 673858
94 37 1340524
94 88 658887
94 47 405082
0 150 690360
0 153 507156
0 199 865508
0 147 971369
0 195 90453
0 76 762160
0 196 262975
0 191 244847
0 190 1295907
0 192 468886
0 115 1033926
0 128 899720
0 116 61759
0 113 435426
0 68 1241917
0 111 293258
0 173 1445
0 87 435643
0 70 428811
0 170 80296
0 1 1243227
0 27 315951
0 46 542357
0 119 380439
0 44 972162
0 42 979425
0 43 616838
0 172 814229
0 182 256451
0 180 1018236
0 2 337274
0 186 343256
0 7 961404
0 9 1105143
0 8 1120089
0 188 16397
0 200 22741
0 144 894536
0 36 783328
0 140 983331
0 141 836752
0 60 179817
0 149 663983
0 77 328053
0 121 583469
0 108 1071866
0 38 874293
0 169 700111
0 71 1349246
0 127 760250
0 91 890515
0 107 394411
0 162 437777
0 99 146227
0 39 1196199
0 12 588611
0 59 951086
0 58 886590
0 17 1212744
0 98 753506
0 33 632062
0 32 608498
0 31 321817
0 56 271210
0 51 867875
0 50 401137
0 177 584567
0 88 1309968
0 64 529880
97 90 115367
97 4 62088
97 8 464426
97 163 1149155
97 121 24796
97 122 638181
97 124 1161861
97 125 1350559
97 127 1355616
97 128 1033278
97 69 745036
97 59 786357
97 58 131301
97 55 164425
97 54 171680
97 57 525322
97 56 1305285
97 51 802577
97 52 1342071
97 164 268785
97 146 1054457
97 199 1187404
97 179 1059063
97 147 658433
97 195 755939
97 197 894519
97 178 1129609
97 191 442059
97 190 1323844
97 193 1137834
97 192 550881
97 115 18513
97 114 117951
97 117 1288717
97 116 1067162
97 111 600835
97 110 1185486
97 113 383242
97 112 716154
97 82 246668
97 83 277134
97 81 332489
97 119 952770
97 118 48726
97 3 233795
97 108 73475
97 109 581662
97 106 1033717
97 104 920040
97 39 1164376
97 38 345685
97 33 370647
97 32 853525
97 31 262228
97 30 1193194
97 37 744181
97 36 1158177
97 35 810035
97 60 1269416
97 61 1289717
97 62 630390
97 63 462774
97 66 884015
97 67 1244844
97 68 497756
97 176 282327
97 175 468338
97 173 178650
97 177 702577
97 171 141385
97 170 1099769
97 182 1165604
97 183 1328547
97 180 120290
97 181 498600
97 186 1073838
97 187 104375
97 184 592089
97 6 1002693
97 188 184184
97 196 1169412
97 185 435638
97 99 872140
97 98 1325258
97 169 471453
97 91 1089854
97 165 453797
97 166 1288995
97 167 201985
97 161 1147766
97 162 46706
97 96 671164
97 11 936004
97 10 519743
97 15 661102
97 14 1095178
97 17 681089
97 16 939960
97 19 1185724
97 18 1095418
97 88 506371
97 151 611872
97 150 1077966
97 153 183827
97 152 428079
97 155 359796
97 154 380441
97 157 642353
97 156 93143
97 48 1163445
97 49 562702
97 46 1248598
97 47 767680
97 44 509195
97 42 388148
97 43 482406
97 40 1098042
97 41 189203
97 1 523646
97 5 225739
97 9 837493
97 201 143884
97 200 566563
97 144 347422
97 142 1064023
97 140 420085
97 141 564872
97 148 1049780
97 77 909883
97 76 899778
97 75 395091
97 74 42527
97 73 1084983
97 72 1004864
97 71 101671
97 70 1100427
97 79 32028
97 78 1285412
97 2 114491
8 90 1210996
8 27 476868
8 95 918934
8 4 265254
8 96 755805
8 68 515719
8 120 343463
8 121 268565
8 122 1166153
8 124 512346
8 125 610766
8 126 235158
8 127 71854
8 128 160427
8 69 90367
8 91 1051183
8 59 991844
8 58 1053515
8 55 873073
8 54 1118886
8 57 820238
8 56 323617
8 51 704587
8 50 547594
8 53 1059851
8 52 836054
8 146 770366
8 199 984442
8 66 1155962
8 200 859640
8 195 161596
8 194 1094575
8 197 1139205
8 196 1232968
8 191 690315
8 190 353150
8 193 776479
8 192 1274631
8 115 1351953
8 114 909334
8 88 1127618
8 116 644122
8 111 187106
8 110 1100936
8 113 535467
8 112 378131
8 82 1010120
8 83 972141
8 81 1054046
8 86 1166642
8 118 1021562
8 84 646545
8 85 268137
8 3 1293457
8 7 89751
8 108 643022
8 109 582332
8 102 660270
8 103 489578
8 100 1192678
8 101 724862
8 106 1260593
8 107 1211806
8 104 231421
8 39 773700
8 38 1049849
8 33 1338030
8 32 432699
8 31 104562
8 30 1022238
8 37 571474
8 36 956329
8 35 863588
8 60 1197830
8 61 598870
8 62 764142
8 63 732190
8 64 199543
8 65 767631
8 179 388631
8 178 43931
8 177 283371
8 176 363472
8 175 616350
8 173 682625
8 172 1256821
8 171 796125
8 170 321912
8 181 406380
8 182 137024
8 183 727230
8 180 599909
8 2 527071
8 186 1004381
8 187 1053804
8 184 577013
8 185 1046179
8 188 121730
8 189 1360240
8 6 1287769
8 99 762609
8 98 536558
8 169 1172191
8 164 1303378
8 165 352933
8 166 406733
8 167 886447
8 161 1047203
8 162 763929
8 163 1069167
8 11 1036490
8 10 345404
8 12 1269137
8 15 493898
8 14 1276860
8 17 319898
8 16 1106653
8 19 210943
8 18 239485
8 117 186985
8 89 382169
8 151 676566
8 150 206795
8 153 907766
8 152 527234
8 155 891023
8 154 265963
8 157 162860
8 156 518935
8 159 342877
8 158 404159
8 48 568635
8 49 327004
8 46 401059
8 119 68249
8 44 1202263
8 45 616577
8 42 415156
8 43 451507
8 40 354228
8 87 739163
8 1 987714
8 5 251027
8 9 358308
8 201 1246703
8 147 1234403
8 144 68813
8 145 218154
8 142 1192133
8 143 1191929
8 140 858911
8 141 126648
8 148 423988
8 149 163166
8 77 691371
8 76 1187797
8 75 753934
8 74 359134
8 73 527725
8 72 228420
8 71 64128
8 70 328644
8 79 907988
8 78 213344
8 41 1353041
8 47 906136
8 67 278639
163 162 1150782
163 121 1060647
163 122 457372
163 127 632284
163 128 177028
163 59 357704
163 58 1100813
163 55 315769
163 54 308786
163 56 378523
163 51 1019253
163 52 1028726
163 199 271372
163 147 615452
163 195 1291288
163 194 114337
163 196 1078974
163 191 307027
163 190 886456
163 193 268149
163 192 1165000
163 115 503976
163 117 150486
163 116 511937
163 111 603614
163 112 971210
163 83 286382
163 86 364707
163 118 771903
163 84 438074
163 85 171796
163 3 334143
163 108 241686
163 109 1149371
163 102 793265
163 39 300007
163 38 352313
163 33 579288
163 32 418357
163 31 772245
163 30 1144468
163 37 829974
163 36 516447
163 35 331672
163 60 843062
163 62 51775
163 63 258113
163 179 1147282
163 67 37928
163 68 946264
163 69 1001941
163 173 1139571
163 170 1305897
163 182 361385
163 183 1083335
163 180 586442
163 186 102828
163 187 23567
163 6 525834
163 188 844152
163 98 568234
163 91 1038595
163 165 888354
163 166 379115
163 95 177085
163 161 286929
163 96 7869
163 11 1025835
163 14 118485
163 17 322444
163 16 240048
163 18 434549
163 88 194528
163 151 612175
163 150 1123947
163 153 1117605
163 152 233455
163 157 306111
163 159 665447
163 158 919742
163 46 1253001
163 119 76637
163 44 1121642
163 42 184487
163 43 685406
163 40 1101449
163 1 258181
163 9 137164
163 146 933339
163 200 201268
163 144 939640
163 142 388691
163 140 1023050
163 141 324823
163 148 211793
163 77 114982
163 76 312585
163 72 705359
163 78 875424
163 47 276745
87 150 1109114
87 153 373586
87 199 762539
87 113 1105974
87 147 1233663
87 195 993001
87 196 34378
87 191 100118
87 190 640944
87 98 320963
87 192 537707
87 115 478974
87 128 1100208
87 116 1153865
87 177 1093546
87 119 1176465
87 172 1119703
87 170 285213
87 182 335747
87 27 1057204
87 140 803437
87 46 1352115
87 173 600733
87 44 146485
87 42 885675
87 43 1002709
87 1 1056352
87 180 490527
87 2 1258529
87 186 440010
87 7 365219
87 9 278946
87 188 324004
87 68 887374
87 200 1033747
87 144 399540
87 36 939234
87 64 159234
87 141 1234383
87 149 1231582
87 99 859523
87 121 1153463
87 108 534771
87 12 447259
87 169 310322
87 70 376995
87 127 1096091
87 91 426967
87 107 997512
87 162 218509
87 60 717918
87 39 1221463
87 38 109151
87 59 325700
87 58 822550
87 17 1010055
87 76 104291
87 33 672094
87 32 956866
87 31 280832
87 56 195209
87 51 867643
87 50 366340
87 77 1324401
87 71 818360
87 88 119283
87 111 994866
120 150 402912
120 153 923877
120 199 473887
120 147 175629
120 158 1357452
120 196 671310
120 191 384218
120 190 34837
120 98 736704
120 192 1270352
120 60 447375
120 128 474936
120 117 1037884
120 63 1073970
120 68 644469
120 83 855982
120 127 175332
120 173 689213
120 172 665644
120 170 922202
120 1 607139
120 27 1362463
120 119 821960
120 44 656737
120 42 409385
120 43 330910
120 182 1327067
120 180 1168585
120 2 503952
120 186 435353
120 7 239475
120 9 13804
120 188 1287862
120 200 513279
120 144 1129952
120 145 736418
120 140 936798
120 141 136651
120 149 802018
120 77 302251
120 121 926559
120 108 1168057
120 12 952041
120 169 976815
120 71 355031
120 70 49760
120 91 872686
120 115 33197
120 95 814802
120 107 887567
120 162 1292252
120 101 183636
120 99 6872
120 39 796894
120 38 1078119
120 59 946488
120 58 163471
120 17 312330
120 76 71417
120 33 888454
120 32 660602
120 31 1022056
120 56 640228
120 51 91716
120 177 339040
120 116 6498
120 88 677763
120 64 521290
120 50 338723
121 134 816074
121 166 1071122
121 27 13019
121 95 303690
121 4 510407
121 96 665052
121 68 476647
121 122 656620
121 123 707798
121 124 575279
121 125 52186
121 126 487358
121 127 187988
121 128 700460
121 69 643720
121 59 293464
121 58 3588
121 55 808765
121 54 884056
121 57 972459
121 56 148641
121 51 447814
121 50 342229
121 53 392719
121 52 440782
121 90 1028474
121 164 438608
121 146 1001242
121 199 300888
121 198 605442
121 200 1134757
121 195 48447
121 197 1142
121 196 1169605
121 191 89763
121 190 1120592
121 193 1061519
121 192 697248
121 115 813665
121 114 457969
121 117 662505
121 116 844258
121 111 514563
121 110 925805
121 113 760123
121 112 425277
121 82 472658
121 83 866535
121 80 773109
121 81 282594
121 86 772740
121 85 365048
121 3 749042
121 7 245174
121 108 1321215
121 109 243695
121 103 1021387
121 100 1149070
121 101 599566
121 106 1056262
121 107 72683
121 104 397506
121 105 610021
121 39 139720
121 38 538238
121 33 263655
121 32 1079968
121 31 1027217
121 30 467565
121 37 1204926
121 36 11049
121 35 1321518
121 34 216299
121 60 522402
121 61 331930
121 62 661669
121 63 1112848
121 64 976540
121 65 328534
121 66 1196822
121 178 728346
121 177 87651
121 176 1116730
121 175 362221
121 174 884080
121 173 309100
121 172 602584
121 171 1087401
121 170 769207
121 182 483458
121 183 325525
121 180 799737
121 181 1256932
121 186 53525
121 187 1095950
121 184 828871
121 185 1344746
121 188 1025785
121 189 529936
121 179 214374
121 6 480106
121 99 896070
121 98 715460
121 168 963618
121 169 616895
121 91 168455
121 165 1235141
121 167 1197258
121 161 635202
121 162 951518
121 11 60879
121 10 259322
121 13 1287639
121 12 1038266
121 15 820797
121 14 394265
121 17 1158820
121 16 811421
121 19 1073130
121 18 564713
121 88 897116
121 89 979342
121 151 1147603
121 150 526081
121 153 309765
121 152 856519
121 155 1203948
121 154 793467
121 157 927123
121 156 838667
121 158 70587
121 48 719497
121 49 709577
121 46 650751
121 119 396122
121 44 341662
121 45 619254
121 42 645571
121 43 640430
121 40 395834
121 118 1318256
121 1 693603
121 5 401584
121 9 580938
121 201 1131952
121 147 1259219
121 144 914846
121 145 1325823
121 142 47519
121 143 1037774
121 140 496343
121 141 29993
121 148 655114
121 149 1005596
121 77 146187
121 76 1293830
121 75 434186
121 74 1192659
121 73 1091860
121 72 832121
121 71 1264679
121 70 972300
121 79 843274
121 78 879276
121 2 111664
121 41 1339492
121 47 1268578
121 67 329170
122 123 1059289
122 124 559538
122 126 976022
122 127 345972
122 59 28878
122 58 573270
122 55 1062701
122 54 661986
122 57 977315
122 56 800634
122 51 854871
122 50 112923
122 53 953958
122 52 535959
122 146 64631
122 199 1012326
122 198 1054537
122 200 977844
122 195 138324
122 67 215447
122 191 358241
122 190 1282679
122 193 1334514
122 192 248240
122 115 684468
122 88 1088831
122 116 594366
122 111 1273850
122 110 1348449
122 112 1146146
122 82 724517
122 119 1190751
122 118 795791
122 3 943763
122 108 1156149
122 109 717005
122 100 36866
122 106 1095603
122 107 1260052
122 104 421051
122 39 304012
122 38 583072
122 33 718227
122 32 1245631
122 31 593649
122 30 925718
122 37 654318
122 36 1354777
122 35 448644
122 60 839182
122 61 1021209
122 62 883521
122 63 1226348
122 66 792924
122 178 555203
122 68 615418
122 176 841056
122 174 342639
122 173 1257353
122 170 689724
122 182 388658
122 183 1253112
122 180 1318631
122 181 1209903
122 186 276807
122 184 26360
122 6 133009
122 188 1352524
122 196 1127674
122 99 354992
122 98 807612
122 169 35764
122 91 216614
122 165 364694
122 166 987352
122 161 641961
122 162 1166705
122 96 652144
122 12 1045576
122 15 360865
122 14 1107707
122 17 327070
122 16 283840
122 19 354377
122 18 635724
122 117 116567
122 151 1052523
122 150 1131056
122 153 485756
122 152 432825
122 46 59639
122 47 597557
122 44 23929
122 42 566403
122 43 19107
122 40 551195
122 41 10743
122 1 45674
122 5 1037939
122 9 861899
122 201 169261
122 147 228804
122 144 241128
122 145 330092
122 143 32574
122 140 121552
122 141 116637
122 148 1128078
122 77 325724
122 76 907864
122 73 1019651
122 72 621830
122 71 280313
122 78 857625
122 2 1121156
123 134 947666
123 127 1037204
123 59 183431
123 58 855453
123 55 1202218
123 56 274255
123 51 641631
123 50 485307
123 199 1200049
123 198 9919
123 200 877640
123 195 728228
123 196 425796
123 191 398229
123 190 211275
123 193 1198
123 192 1060734
123 115 369313
123 117 635716
123 116 526412
123 111 1049978
123 110 1324893
123 112 37261
123 80 1133305
123 86 514719
123 85 159949
123 108 737860
123 109 1033490
123 107 671471
123 105 1151356
123 39 89817
123 38 1104777
123 33 367853
123 32 362797
123 31 530901
123 30 1287871
123 37 1132078
123 36 1091047
123 35 1340830
123 34 483078
123 60 1341360
123 62 163403
123 63 100656
123 178 582926
123 68 622196
123 174 1057294
123 170 792438
123 182 191109
123 180 1201769
123 186 21513
123 6 1273864
123 188 338440
123 99 363260
123 98 667296
123 168 1141956
123 169 290062
123 91 892021
123 165 1055143
123 161 1287589
123 162 308149
123 96 12427
123 11 15492
123 10 970040
123 13 418827
123 14 200502
123 17 1290366
123 16 406453
123 19 1248727
123 88 799478
123 150 263858
123 153 223185
123 152 487840
123 158 996362
123 48 861492
123 46 517596
123 119 1184224
123 44 508716
123 42 318361
123 43 1265664
123 1 1107243
123 9 460095
123 146 922460
123 147 542319
123 144 596050
123 145 881025
123 141 413372
123 148 621177
123 77 134394
123 76 1145551
123 74 521566
123 72 1120552
123 78 214301
123 47 1180796
124 90 969059
124 125 721052
124 126 1320665
124 127 650518
124 128 983262
124 69 194657
124 59 211382
124 58 1078893
124 55 615317
124 54 757535
124 57 1315466
124 56 687289
124 51 974749
124 50 917365
124 53 146287
124 52 1218479
124 199 1347279
124 200 1081331
124 195 866167
124 197 726677
124 196 943928
124 191 288324
124 190 657230
124 193 388498
124 192 565701
124 115 559871
124 117 183046
124 116 1016214
124 111 978065
124 110 830597
124 112 817526
124 82 872915
124 83 1134801
124 119 929955
124 85 242192
124 108 1089746
124 109 259194
124 103 14402
124 100 126417
124 106 52005
124 107 437620
124 104 165919
124 39 239602
124 38 570312
124 33 1135543
124 32 476609
124 31 139586
124 30 166876
124 37 847048
124 36 340115
124 35 752560
124 60 403258
124 61 670398
124 62 466380
124 63 431897
124 65 55957
124 66 1325981
124 178 927641
124 68 1199658
124 176 788903
124 173 209291
124 171 471416
124 170 570095
124 181 397581
124 182 93338
124 183 526039
124 2 371902
124 186 1302118
124 184 957071
124 6 576623
124 188 244820
124 189 1338274
124 185 933500
124 99 923956
124 98 1154075
124 169 271545
124 91 298625
124 165 946363
124 161 1242296
124 162 1074032
124 96 36546
124 11 393359
124 12 996801
124 15 724651
124 14 569800
124 17 118499
124 16 310091
124 19 1146306
124 18 14910
124 88 1266710
124 150 488226
124 153 332049
124 152 979880
124 154 722113
124 46 1315341
124 47 965746
124 44 182440
124 42 1312807
124 43 334271
124 40 155754
124 41 762086
124 1 1097448
124 5 540175
124 9 2276
124 146 523630
124 147 627679
124 144 143183
124 142 649035
124 143 737691
124 140 1073947
124 141 891001
124 148 1173680
124 77 1223586
124 76 569772
124 75 761390
124 73 890925
124 72 446781
124 71 652894
124 78 386911
125 153 1206582
125 152 259547
125 199 64123
125 154 600706
125 195 818574
125 197 1210716
125 196 738266
125 191 742877
125 190 990452
125 193 278247
125 58 638145
125 60 406727
125 117 390578
125 178 138470
125 68 14716
125 5 137984
125 75 890031
125 171 897075
125 170 348425
125 30 708282
125 98 821597
125 46 1126428
125 47 650056
125 42 465198
125 43 1190486
125 41 160794
125 182 826106
125 186 681504
125 104 770809
125 185 1216640
125 188 838715
125 78 106535
125 18 24596
125 146 989462
125 200 137897
125 144 703201
125 142 84975
125 140 89443
125 141 589581
125 77 275286
125 108 453148
125 109 1280182
125 72 752064
125 71 1104006
125 127 544704
125 128 599680
125 15 442157
125 161 1054522
125 162 1201590
125 96 1032699
125 115 597696
125 38 375137
125 59 912286
125 14 291723
125 17 1087214
125 76 488178
125 55 1212949
125 54 460897
125 31 434941
125 16 558251
125 37 1160608
125 36 142509
125 35 1133676
125 116 673507
125 63 652821
125 88 454429
125 32 313583
125 111 131346
126 150 587351
126 153 357155
126 152 886481
126 200 960796
126 195 973799
126 51 8259
126 62 159649
126 107 218912
126 191 1157763
126 190 505637
126 50 76759
126 116 173029
126 112 635643
126 68 403423
126 63 496123
126 119 1077179
126 170 1345595
126 1 602741
126 108 244852
126 47 111186
126 44 1205144
126 42 656376
126 43 55775
126 41 1298576
126 182 1065103
126 183 615632
126 181 148385
126 186 1272083
126 184 1127350
126 188 320781
126 147 384991
126 115 936791
126 143 647804
126 141 1307909
126 77 946349
126 109 1308285
126 169 1302898
126 30 1136897
126 91 1181048
126 165 624939
126 100 434359
126 161 1039243
126 162 140581
126 58 1203205
126 2 83184
126 99 195673
126 39 628129
126 38 1063276
126 59 221511
126 14 361184
126 76 770027
126 19 1306857
126 32 139243
126 57 296102
126 56 826352
126 37 842112
126 36 371123
126 53 442485
126 46 1115364
126 55 1066793
126 16 1273799
126 31 199923
126 111 809082
126 12 1212702
126 73 388301
126 33 883079
126 72 1163103
127 134 668258
127 166 408236
127 27 1022399
127 95 1099222
127 161 779704
127 4 448381
127 128 1200671
127 59 128481
127 58 1181139
127 55 221438
127 54 151899
127 57 976372
127 56 906338
127 51 341106
127 50 654649
127 52 1327743
127 90 219766
127 164 1134822
127 201 891117
127 199 574870
127 66 619476
127 147 170340
127 195 1205947
127 194 988963
127 197 1143122
127 196 86697
127 191 1354067
127 190 504504
127 193 1146317
127 192 1300379
127 115 1105085
127 114 912560
127 117 383146
127 116 551060
127 111 374506
127 110 38770
127 113 1061377
127 112 1354033
127 82 1105866
127 83 1168991
127 80 62055
127 81 116054
127 86 97541
127 84 1238930
127 85 174030
127 198 627151
127 141 1305633
127 3 1100794
127 7 861227
127 108 749258
127 109 633926
127 102 694541
127 103 767968
127 167 525157
127 101 709534
127 106 831526
127 107 234761
127 104 101786
127 105 949233
127 39 674291
127 38 585509
127 33 129302
127 32 971872
127 31 1219282
127 30 936923
127 37 495584
127 36 1282186
127 35 638349
127 34 780781
127 176 1134912
127 60 1089829
127 61 265051
127 62 272857
127 63 1241956
127 64 95140
127 65 1218534
127 179 1044713
127 178 503432
127 68 272848
127 69 667936
127 175 786006
127 174 1063394
127 173 370744
127 172 1231426
127 171 723679
127 170 507265
127 182 1281791
127 183 1042490
127 180 1105553
127 181 749025
127 186 1192103
127 187 936520
127 184 676753
127 185 1153036
127 188 1128313
127 189 356701
127 6 409253
127 99 1118721
127 98 81900
127 168 410845
127 169 907318
127 91 664097
127 165 154958
127 162 1124247
127 96 844261
127 11 60941
127 10 596404
127 13 1158129
127 12 192893
127 15 1283745
127 14 30430
127 17 618880
127 16 634815
127 19 1207066
127 18 950514
127 88 75442
127 89 1253271
127 151 383050
127 150 1196421
127 153 245707
127 152 1098643
127 155 1019951
127 154 1016976
127 157 1052225
127 156 295337
127 159 1233301
127 158 263867
127 48 1340259
127 49 809422
127 46 1144903
127 119 478342
127 44 345838
127 45 801817
127 42 433515
127 43 454426
127 40 1023018
127 118 621445
127 1 370527
127 5 5292
127 9 1347743
127 146 928934
127 200 62754
127 144 981308
127 145 438125
127 142 258095
127 140 1048535
127 177 469511
127 148 61064
127 149 122227
127 77 508004
127 76 1243422
127 75 1082634
127 74 927678
127 73 153991
127 72 756339
127 71 1114076
127 70 660947
127 79 771693
127 78 131921
127 2 288118
127 41 152586
127 47 141491
127 67 757255
128 27 783799
128 95 1043388
128 59 444749
128 58 734831
128 55 102038
128 54 251052
128 56 80510
128 51 1107260
128 50 432803
128 52 1221017
128 199 503699
128 200 76488
128 195 732672
128 197 1236798
128 196 67373
128 191 506644
128 190 1114121
128 193 703516
128 192 1305552
128 115 892161
128 68 672657
128 117 39975
128 116 884276
128 111 665753
128 110 710992
128 113 1105855
128 112 310749
128 83 1159675
128 119 304016
128 3 491826
128 7 575814
128 108 558175
128 109 578646
128 101 1113857
128 107 351868
128 104 813079
128 39 574480
128 38 904455
128 33 498072
128 32 444062
128 31 836871
128 30 54649
128 37 480394
128 36 816735
128 35 102884
128 60 6670
128 62 259222
128 63 193823
128 64 986088
128 178 234990
128 177 523225
128 69 109287
128 173 1293381
128 172 700503
128 171 488341
128 170 19524
128 182 2678
128 183 1277140
128 180 863660
128 2 1215070
128 186 1096824
128 185 867523
128 188 1302882
128 6 995782
128 99 291085
128 98 915856
128 169 337529
128 91 675792
128 90 513727
128 166 199219
128 161 36848
128 162 941671
128 96 628241
128 12 207434
128 15 1080447
128 14 598438
128 17 1039519
128 16 884451
128 18 979390
128 88 1259173
128 150 1334400
128 153 907699
128 152 527809
128 154 547538
128 157 338536