0
-1
-1
-1
-1
-1
-1
-1
-1
36
-1
-1
-1
-1
-1
31
21
-1
-1
16
-1
-1
34
-1
-1
23
-1
-1
-1
34
-1
22
14
14
-1
23
-1
-1
-1
8
-1
-1
-1
-1
13
-1
-1
-1
-1
-1
7
33
22
-1
8
10
-1
-1
-1
-1
-1
-1
-1
22
-1
-1
-1
23
32
-1
-1
-1
15
32
-1
-1
-1
-1
-1
13
-1
-1
12
-1
25
-1
12
27
-1
-1
23
-1
-1
-1
-1
-1
-1
-1
-1
-1
-1
30
-1
10
-1
-1
-1
29
-1
17
-1
-1
-1
-1
-1
14
-1
26
-1
-1
14
-1
-1
-1
-1
-1
-1
8
-1
24
-1
-1
19
-1
-1
-1
11
-1
-1
-1
-1
-1
-1
-1
-1
4
-1
-1
-1
15
-1
-1
13
-1
-1
-1
-1
-1
27
21
-1
-1
36
-1
-1
-1
-1
11
21
-1
-1
-1
-1
-1
-1
-1
-1
-1
-1
-1
-1
-1
-1
-1
30
26
-1
29
-1
20
-1
14
15
13
-1
-1
32
-1
-1
3
-1
25
-1
-1
-1
-1
-1
-1
-1
24
-1
-1
18
-1
10
-1
23
-1
-1
17
-1
39
-1
-1
35
14
10
-1
-1
-1
-1
24
-1
-1
22
-1
-1
-1
-1
-1
-1
-1
16
7
16
12
-1
-1
-1
-1
18
16
-1
-1
-1
-1
26
-1
9
-1
-1
-1
-1
17
-1
-1
-1
-1
10
-1
-1
-1
-1
-1
-1
-1
-1
4
22
14
-1
-1
-1
-1
-1
-1
-1
14
-1
-1
-1
-1
-1
-1
14
-1
-1
-1
-1
32
21
-1
-1
20
-1
-1
25
-1
-1
-1
21
13
-1
24
-1
-1
-1
-1
-1
-1
-1
23
-1
26
-1
30
10
-1
18
-1
16
-1
13
7
-1
30
19
-1
10
20
-1
25
-1
21
9
21
-1
16
-1
-1
-1
24
-1
-1
-1
-1
-1
16
-1
18
-1
-1
-1
-1
14
22
5
-1
-1
-1
-1
12
-1
22
-1
-1
16
16
-1
27
-1
-1
-1
-1
22
21
23
38
28
-1
-1
16
-1
22
19
13
20
-1
14
-1
-1
18
-1
-1
-1
-1
-1
29
-1
-1
23
22
-1
27
32
6
-1
23
37
-1
-1
-1
-1
-1
-1
-1
-1
-1
14
-1
-1
-1
13
-1
15
-1
22
33
17
-1
16
28
-1
-1
-1
-1
-1
-1
18
7
-1
29
-1
-1
30
-1
7
14
-1
20
10
26
-1
15
-1
-1
31
-1
-1
-1
-1
32
19
-1
-1
21
-1
-1
-1
-1
24
-1
-1
30
-1
-1
-1
-1
17
-1
-1
-1
-1
-1
-1
-1
-1
-1
-1
25
-1
33
23
-1
-1
-1
-1
-1
24
-1
-1
-1
-1
-1
-1
-1
30
-1
-1
14
-1
-1
-1
-1
-1
-1
-1
-1
-1
-1
-1
-1
-1
-1
13
-1
-1
10
-1
-1
-1
-1
24
-1
-1
-1
-1
21
-1
-1
-1
-1
-1
11
-1
-1
23
-1
-1
-1
-1
-1
34
19
-1
26
-1
-1
-1
-1
-1
-1
-1
22
28
-1
-1
-1
29
-1
-1
28
-1
-1
-1
20
-1
-1
20
14
33
-1
-1
-1
-1
-1
17
-1
-1
-1
-1
8
-1
-1
13
-1
-1
-1
-1
-1
5
9
-1
-1
-1
-1
-1
-1
32
35
-1
-1
-1
-1
-1
-1
31
-1
-1
10
-1
-1
27
-1
-1
-1
14
29
-1
31
25
38
-1
-1
11
-1
27
-1
-1
-1
17
31
-1
-1
-1
-1
-1
34
-1
37
9
-1
20
19
-1
-1
-1
35
12
-1
-1
-1
-1
-1
-1
-1
-1
19
19
-1
31
-1
-1
-1
-1
-1
-1
-1
-1
-1
33
-1
-1
-1
-1
-1
-1
39
-1
36
-1
-1
-1
-1
-1
-1
25
34
-1
-1
-1
-1
-1
-1
-1
33
-1
-1
-1
-1
20
-1
16
30
-1
31
-1
-1
-1
-1
-1
-1
16
25
21
28
-1
-1
-1
-1
-1
11
-1
35
-1
-1
-1
-1
-1
2
27
10
-1
32
-1
19
-1
9
-1
24
23
-1
18
-1
-1
-1
28
21
21
35
-1
22
16
-1
38
-1
-1
-1
-1
-1
-1
-1
-1
-1
32
7
-1
-1
-1
21
13
25
-1
14
-1
-1
-1
-1
25
12
-1
-1
29
-1
-1
-1
-1
-1
-1
8
-1
-1
-1
-1
-1
1
-1
-1
32
8
-1
33
-1
-1
22
-1
-1
-1
-1
-1
-1
-1
-1
-1
29
-1
6
34
24
-1
-1
-1
-1
-1
-1
-1
29
27
-1
-1
15
-1
15
-1
-1
-1
-1
6
-1
10
34
-1
-1
5
-1
-1
21
-1
-1
-1
-1
-1
-1
-1
36
-1
7
-1
-1
-1
19
30
-1
-1
-1
-1
3
-1
-1
20
15
-1
20
15
-1
-1
-1
11
20
-1
-1
14
-1
-1
-1
-1
27
13
17
-1
30
7
-1
-1
-1
-1
11
-1
-1
15
-1
-1
-1
-1
-1
13
-1
23
-1
-1
-1
-1
29
28
35
-1
-1
-1
-1
-1
-1
-1
5
-1
-1
-1
-1
12
-1
26
-1
-1
-1
-1
18
-1
21
-1
32
11
-1
12
33
-1
-1
-1
9
15
-1
-1
19
23
-1
-1
12
-1
-1
-1
-1
-1
-1
-1
22
-1
-1
-1
-1
-1
-1
22
-1
-1
9
-1
28
-1
11
-1
-1
-1
-1
32
11
-1
-1
-1
19
-1
-1
8
-1
-1
21
6
24
4
20
24
-1
17
25
16
-1
-1
20
31
-1
24
24
-1
-1
-1
-1
13
-1
-1
-1
-1
-1
-1
-1
-1
-1
8
30
9
-1
-1
24
18
28
-1
-1
21
15
21
-1
-1
-1
15
-1
-1
-1
7
22
-1
-1
-1
-1
-1
-1
-1
-1
-1
-1
-1
-1
-1
18
-1
-1
-1
-1
31
-1
16
39
-1
33
11
21
-1
-1
-1
22
-1
24
-1
-1
21
-1
-1
-1
-1
-1
24
-1
-1
-1
-1
-1
19
-1
35
-1
-1
-1
-1
-1
-1
18
-1
-1
-1
16
-1
-1
-1
20
17
-1
-1
-1
-1
25
-1
13
-1
-1
-1
13
-1
27
-1
-1
22
-1
-1
-1
-1
-1
27
-1
-1
-1
-1
20
-1
-1
-1
-1
32
26
-1
12
19
-1
-1
-1
-1
-1
33
-1
-1
-1
-1
-1
-1
-1
17
-1
-1
-1
-1
20
-1
-1
25
-1
-1
-1
-1
-1
20
-1
28
28
31
-1
-1
12
-1
34
9
-1
16
-1
25
-1
-1
-1
-1
-1
-1
-1
-1
-1
22
34
-1
-1
-1
21
-1
11
-1
-1
-1
-1
-1
36
23
-1
-1
-1
-1
-1
-1
-1
11
33
-1
34
-1
-1
-1
-1
36
-1
-1
-1
-1
-1
9
9
34
26
-1
-1
-1
-1
-1
-1
16
23
-1
-1
-1
31
24
-1
23
14
-1
-1
-1
-1
-1
-1
